 Environment Timesteps  Return Mean  Return Std
                     0    387.26900   188.19250
                  1000    411.20825   200.64375
                  2000    422.96000   195.66650
                  3000    412.31650   183.32400
                  4000    425.76150   185.43550
                  5000    442.22700   181.95450
                  6000    453.12275   175.02925
                  7000    462.91025   163.33275
                  8000    476.41475   174.33275
                  9000    478.25525   170.11075
                 10000    476.78625   165.78425
                 11000    484.84075   167.89725
                 12000    487.89925   158.06775
                 13000    482.33350   163.35250
                 14000    485.77150   157.26600
                 15000    440.74475   127.65225
                 16000    434.48375   119.13125
                 17000    447.43200   128.76250
                 18000    457.98500   136.22300
                 19000    473.78425   135.24125
                 20000    481.59150   141.56000
                 21000    476.89850   133.96650
                 22000    487.44875   144.16025
                 23000    484.15100   140.95800
                 24000    483.80975   136.35625
                 25000    507.07750   165.44200
                 26000    518.77400   176.49250
                 27000    550.27025   212.42875
                 28000    564.26925   232.78025
                 29000    591.68500   264.34650
                 30000    627.19675   302.40025
                 31000    625.41550   303.15750
                 32000    605.11725   297.15775
                 33000    614.36425   309.40025
                 34000    622.91925   310.78325
                 35000    641.68850   317.27300
                 36000    642.52300   312.92850
                 37000    640.08650   303.35000
                 38000    650.36900   304.84100
                 39000    674.42550   319.80050
                 40000    679.74950   321.22900
                 41000    691.80125   317.30425
                 42000    681.37600   308.61700
                 43000    685.17000   308.29700
                 44000    694.43125   316.73475
                 45000    671.33525   290.72325
                 46000    673.10425   279.80125
                 47000    633.34200   242.10100
                 48000    601.25075   205.55525
                 49000    567.80400   175.62650
                 50000    533.78950   137.94100
                 51000    528.82200   134.29050
                 52000    543.11750   135.52850
                 53000    555.46175   117.16075
                 54000    542.38450   121.10150
                 55000    559.11425   117.43825
                 56000    576.35550   134.15550
                 57000    574.39475   136.17025
                 58000    570.44725   143.71975
                 59000    559.11425   141.00175
                 60000    552.45550   137.13900
                 61000    545.21075   144.35575
                 62000    557.54900   144.40250
                 63000    591.01375   181.20325
                 64000    595.05675   185.34875
                 65000    593.53850   188.60400
                 66000    583.12350   191.34900
                 67000    593.00100   201.11700
                 68000    636.90450   216.09800
                 69000    707.62150   221.23350
                 70000    781.47025   242.71075
                 71000    800.90225   256.40725
                 72000    840.18325   289.67425
                 73000    881.95725   327.87175
                 74000    893.19575   319.22125
                 75000    901.66300   336.32450
                 76000    908.09150   330.74050
                 77000    913.61275   342.48025
                 78000    915.41175   322.92075
                 79000    944.43950   313.20000
                 80000    990.65675   332.22525
                 81000   1013.78800   330.84850
                 82000   1034.52850   370.54800
                 83000   1027.27850   364.65350
                 84000   1037.21375   360.90025
                 85000   1094.43200   403.67300
                 86000   1133.22900   416.36600
                 87000   1165.72725   410.33075
                 88000   1133.18025   405.61025
                 89000   1093.50250   414.61250
                 90000   1026.62325   398.63125
                 91000   1015.16875   390.77475
                 92000    984.13950   358.92500
                 93000    963.51975   320.16125
                 94000    976.57950   348.86650
                 95000    971.99025   328.67525
                 96000    954.58800   329.51250
                 97000    976.02525   348.94675
                 98000   1002.52475   347.73025
                 99000    973.64075   343.59825
                100000    965.79825   321.73075
                101000   1047.71600   345.82900
                102000   1056.70850   326.97550
                103000   1079.10000   338.16050
                104000   1139.28600   356.95450
                105000   1116.09950   326.15900
                106000   1135.10725   345.01575
                107000   1134.69575   367.78625
                108000   1140.92175   359.94575
                109000   1150.56900   389.66450
                110000   1161.03200   398.55850
                111000   1162.89300   399.25550
                112000   1157.75150   408.61950
                113000   1141.46825   430.68475
                114000   1175.32125   440.75325
                115000   1244.97400   447.72750
                116000   1356.88425   430.99475
                117000   1417.00650   453.02500
                118000   1447.12125   530.63825
                119000   1590.23575   540.34775
                120000   1635.02650   597.42250
                121000   1641.65750   626.31500
                122000   1696.71500   672.96200
                123000   1725.53900   722.76550
                124000   1749.38125   769.04825
                125000   1816.65925   778.66675
                126000   1812.96800   789.48950
                127000   1893.55525   799.57175
                128000   1974.87825   852.70925
                129000   2055.34000   813.82850
                130000   2138.11825   865.43025
                131000   2211.84175   949.53425
                132000   2289.63125  1024.29175
                133000   2353.10075  1085.39825
                134000   2311.37050  1075.44850
                135000   2202.78175  1067.07725
                136000   2137.01650  1085.35550
                137000   2080.98225  1030.57275
                138000   2065.92775  1000.50325
                139000   1936.09975  1004.48675
                140000   1968.00275  1015.03925
                141000   1959.83025  1008.20175
                142000   1977.16550   976.94800
                143000   2009.32950   903.71900
                144000   1995.38975   843.92675
                145000   1973.51925   845.41275
                146000   1935.12975   820.19325
                147000   1865.91800   801.10600
                148000   1867.31150   828.47050
                149000   1869.11950   906.35800
                150000   1820.43775   853.60775
                151000   1816.65875   809.08525
                152000   1743.26400   736.63050
                153000   1680.79325   679.26225
                154000   1676.29550   663.00900
                155000   1824.83650   683.39700
                156000   1838.32600   707.24050
                157000   1970.18525   743.83425
                158000   2024.55350   764.86650
                159000   2132.30175   764.23875
                160000   2087.11650   717.10000
                161000   2087.65275   720.95025
                162000   2103.17800   753.17250
                163000   2108.14225   794.22525
                164000   2206.72900   791.12750
                165000   2271.39475   813.00975
                166000   2287.43025   813.52075
                167000   2334.32150   860.46550
                168000   2293.47200   804.52000
                169000   2247.48750   724.22250
                170000   2288.49525   752.95125
                171000   2341.03525   766.49175
                172000   2393.57250   772.94800
                173000   2470.72050   775.71650
                174000   2560.06075   768.17225
                175000   2453.72075   769.19425
                176000   2529.69225   758.98325
                177000   2426.56550   790.13900
                178000   2356.10475   760.91925
                179000   2294.22900   802.09050
                180000   2320.77250   846.09850
                181000   2310.05400   851.31700
                182000   2316.39650   810.41550
                183000   2380.66850   758.18950
                184000   2369.93050   761.98600
                185000   2400.52300   708.58700
                186000   2557.57650   687.71500
                187000   2577.34225   682.44625
                188000   2616.67275   715.35775
                189000   2573.74025   725.53275
                190000   2592.24475   729.90925
                191000   2589.95875   679.05425
                192000   2580.55875   692.28975
                193000   2572.28275   684.09825
                194000   2520.73800   704.81700
                195000   2510.54475   714.98775
                196000   2372.75950   700.65950
                197000   2403.32675   654.60025
                198000   2450.81575   631.11175
                199000   2529.03075   627.18625
                200000   2571.18675   583.70125
                201000   2609.26375   564.70775
                202000   2620.61400   578.82700
                203000   2510.54800   619.60200
                204000   2474.04875   651.93475
                205000   2462.90425   693.14725
                206000   2445.51650   711.23800
                207000   2489.28575   694.99875
                208000   2517.07250   667.89250
                209000   2585.34100   750.15250
                210000   2563.64675   718.64375
                211000   2533.87450   716.64050
                212000   2615.53975   691.16725
                213000   2703.67925   708.92375
                214000   2717.26400   756.13650
                215000   2786.40175   732.46375
                216000   2927.82000   742.31400
                217000   2922.42375   746.87975
                218000   2956.04250   760.52450
                219000   2983.50725   708.35025
                220000   3028.71550   694.51200
                221000   3042.57575   702.11875
                222000   3081.89725   660.81775
                223000   3157.32075   672.37825
                224000   3216.32900   625.64200
                225000   3261.30500   599.81500
                226000   3289.88425   580.24675
                227000   3327.16850   538.54300
                228000   3370.85450   546.80600
                229000   3465.20800   457.84050
                230000   3488.19850   463.30150
                231000   3555.38875   509.86625
                232000   3575.49850   542.95300
                233000   3547.32925   543.83325
                234000   3598.40550   500.26250
                235000   3651.76825   509.25175
                236000   3653.95025   519.22675
                237000   3731.91100   512.39950
                238000   3772.40800   504.36250
                239000   3771.27575   503.10875
                240000   3736.54775   510.66425
                241000   3756.21200   461.71800
                242000   3747.05250   489.92600
                243000   3800.14900   432.76900
                244000   3736.69000   460.37450
                245000   3710.09975   452.87125
                246000   3697.68275   457.13475
                247000   3670.17850   498.25400
                248000   3700.79150   464.57000
                249000   3667.81175   499.97475
                250000   3692.33175   489.10325
                251000   3670.75125   485.13325
                252000   3641.23675   472.61975
                253000   3572.84225   440.89075
                254000   3548.60800   416.61700
                255000   3554.95675   432.40025
                256000   3567.41250   419.91200
                257000   3496.64175   500.69725
                258000   3415.75425   571.37625
                259000   3289.94475   629.96675
                260000   3333.24125   614.10525
                261000   3310.10000   659.81500
                262000   3301.19675   665.84075
                263000   3316.56675   678.32425
                264000   3321.05000   667.78900
                265000   3346.60950   676.24450
                266000   3296.00950   727.32100
                267000   3330.01350   687.48000
                268000   3270.15950   768.37950
                269000   3238.98900   732.04250
                270000   3242.04975   722.07575
                271000   3276.82800   704.05450
                272000   3339.16600   697.58100
                273000   3420.80925   703.74575
                274000   3504.91575   725.16625
                275000   3460.84375   714.68425
                276000   3388.41650   688.11500
                277000   3484.82450   588.23850
                278000   3481.95200   562.82250
                279000   3570.57575   564.26275
                280000   3545.70650   604.49650
                281000   3578.33125   603.92275
                282000   3551.94125   622.85975
                283000   3515.39725   661.02425
                284000   3477.87350   741.18550
                285000   3402.41675   814.03425
                286000   3399.11625   823.61075
                287000   3323.98825   887.03775
                288000   3396.32700   802.74900
                289000   3464.92075   799.45225
                290000   3526.22750   811.81200
                291000   3481.59900   840.36700
                292000   3435.09225   864.41275
                293000   3419.09125   892.70975
                294000   3372.03850   865.70750
                295000   3415.35875   885.05875
                296000   3509.17775   895.43325
                297000   3499.61900   913.14250
                298000   3562.40075   853.55425
                299000   3576.75550   845.12750
                300000   3527.30325   880.47575
                301000   3479.43275   883.07975
                302000   3453.90000   859.74800
                303000   3449.32575   830.63525
                304000   3547.20400   740.04650
                305000   3616.32325   650.90525
                306000   3613.85375   622.21825
                307000   3618.44750   595.04050
                308000   3574.85275   595.17075
                309000   3538.00625   639.53175
                310000   3488.39650   672.06400
                311000   3551.85475   618.09425
                312000   3602.08250   575.64650
                313000   3639.37850   535.68650
                314000   3720.37800   538.26350
                315000   3788.18075   494.05175
                316000   3786.53575   526.33775
                317000   3787.89325   527.73675
                318000   3836.76325   523.53975
                319000   3881.20125   486.01975
                320000   3958.04125   410.28525
                321000   4034.88750   361.77000
                322000   4020.25375   421.30175
                323000   4014.57125   401.30925
                324000   3953.22825   457.69025
                325000   3877.26775   540.52275
                326000   3866.80625   592.16075
                327000   3790.33175   591.92575
                328000   3741.40975   656.48575
                329000   3714.32200   660.26000
                330000   3644.70725   658.08625
                331000   3564.75375   683.82325
                332000   3462.51850   721.56600
                333000   3474.22350   721.82600
                334000   3477.55975   728.93625
                335000   3453.75675   758.10625
                336000   3485.11800   727.22050
                337000   3470.17875   753.60275
                338000   3437.56875   788.43125
                339000   3413.68375   829.27975
                340000   3360.92250   897.17450
                341000   3309.85975   951.08075
                342000   3366.47675   906.98625
                343000   3403.46775   905.00125
                344000   3467.71700   839.83150
                345000   3557.15575   755.88375
                346000   3524.97175   705.94075
                347000   3687.07550   672.24400
                348000   3767.44450   608.33750
                349000   3828.62800   557.21950
                350000   3896.25525   550.88125
                351000   3907.28400   530.11550
                352000   3997.58575   501.90625
                353000   3966.82750   531.82700
                354000   3962.95625   530.45325
                355000   3971.46050   503.82350
                356000   3961.49800   507.10350
                357000   4003.88425   464.59625
                358000   3987.03275   461.64075
                359000   3989.72950   431.23800
                360000   4037.16425   370.57225
                361000   4050.95200   334.46200
                362000   4067.71225   290.82575
                363000   4037.50150   333.43500
                364000   4039.25025   335.53125
                365000   4027.48800   336.83250
                366000   4086.89875   357.41025
                367000   4060.06650   371.74550
                368000   4073.20575   372.70025
                369000   3981.19275   464.79825
                370000   3958.65075   492.90125
                371000   4042.58950   493.75000
                372000   4074.00900   486.77400
                373000   4125.72375   458.90425
                374000   4099.52300   478.89700
                375000   4115.74325   479.76325
                376000   4119.53425   466.08225
                377000   4109.40100   475.73300
                378000   4053.54350   546.34550
                379000   4094.97525   526.20525
                380000   4097.34950   529.36850
                381000   4049.64850   586.25050
                382000   4059.34225   640.40025
                383000   4096.40450   609.01350
                384000   4082.39225   614.31025
                385000   4044.08350   651.90150
                386000   4056.07450   626.90900
                387000   4084.16850   610.07700
                388000   4071.20650   615.78250
                389000   4181.89400   529.35650
                390000   4262.92450   474.44850
                391000   4195.03100   482.79950
                392000   4150.20775   515.03325
                393000   4048.59875   513.58275
                394000   4002.75275   513.67325
                395000   3911.29100   527.33800
                396000   3817.95750   553.08100
                397000   3757.15250   583.91800
                398000   3872.22600   489.37200
                399000   3878.02175   492.65075
                400000   3904.26975   484.62275
                401000   4005.93100   426.37750
                402000   4032.74325   402.95525
                403000   4037.43300   412.31500
                404000   4060.98150   420.78450
                405000   4116.73425   396.55325
                406000   4171.37550   369.71000
                407000   4181.38400   375.24650
                408000   4194.53350   368.20350
                409000   4205.04650   375.84650
                410000   4204.15325   374.10775
                411000   4264.31700   383.00050
                412000   4278.95975   358.04575
                413000   4223.45425   408.05875
                414000   4237.76075   424.12575
                415000   4265.57000   438.50650
                416000   4318.06850   437.83750
                417000   4330.09000   406.17350
                418000   4295.32925   426.84225
                419000   4158.75175   476.84775
                420000   4151.62550   490.85500
                421000   4133.90850   501.38600
                422000   4153.18275   470.02475
                423000   4166.36725   453.04175
                424000   4177.72250   441.69650
                425000   4176.76375   438.73225
                426000   4127.88400   468.37000
                427000   4098.64925   486.51875
                428000   4052.44100   537.80000
                429000   4004.47300   576.04000
                430000   3980.55500   612.76000
                431000   3996.05575   588.41875
                432000   4039.62500   579.39150
                433000   4209.02750   523.48750
                434000   4290.72700   479.06100
                435000   4366.19050   446.91250
                436000   4416.07325   433.07825
                437000   4482.52550   425.32250
                438000   4529.12675   404.66775
                439000   4664.45000   351.51300
                440000   4657.74975   342.02125
                441000   4658.75800   337.02050
                442000   4631.20475   338.96275
                443000   4614.54950   333.47200
                444000   4574.34350   330.18400
                445000   4541.36700   329.05600
                446000   4578.42850   295.42150
                447000   4584.79775   271.54125
                448000   4600.05425   265.61225
                449000   4595.14050   236.68100
                450000   4588.24750   233.31250
                451000   4554.69350   272.96650
                452000   4507.88600   301.06200
                453000   4462.61150   345.88500
                454000   4426.42400   360.26050
                455000   4412.95375   360.60925
                456000   4382.56875   357.02975
                457000   4377.18400   371.20300
                458000   4310.59900   396.20050
                459000   4250.22325   455.44075
                460000   4186.90250   494.79050
                461000   4159.92875   472.76525
                462000   4104.99200   470.40400
                463000   4091.86200   478.34350
                464000   4106.99650   479.05100
                465000   4134.40300   492.46800
                466000   4134.86900   491.03300
                467000   4133.71000   495.85150
                468000   4050.60025   557.58925
                469000   4064.93225   537.99525
                470000   4077.42050   498.59350
                471000   4048.22225   485.33925
                472000   4068.03875   454.54875
                473000   4053.93600   461.21150
                474000   4075.68250   461.15600
                475000   4082.26575   463.22075
                476000   4127.32975   462.74875
                477000   4135.14125   445.28475
                478000   4205.85600   407.72500
                479000   4265.61475   344.28025
                480000   4334.45525   310.31125
                481000   4383.76800   317.51150
                482000   4442.65450   352.60450
                483000   4480.93450   351.00200
                484000   4507.35975   354.02875
                485000   4483.09775   339.88025
                486000   4469.94275   360.52825
                487000   4484.04100   354.99500
                488000   4600.85650   260.56600
                489000   4626.37600   282.67750
                490000   4653.68850   288.47300
                491000   4714.88600   271.78650
                492000   4708.22475   317.33725
                493000   4764.76675   265.87525
                494000   4760.05550   254.40200
                495000   4745.27950   253.70650
                496000   4714.02475   259.39725
                497000   4669.92650   299.16200
                498000   4657.44175   315.28725
                499000   4615.83800   353.33250
                500000   4576.50025   359.47575
                501000   4518.79450   383.57850
                502000   4528.82225   367.48475
                503000   4517.86675   375.07925
                504000   4512.83300   381.39700
                505000   4526.21450   381.23650
                506000   4537.14725   368.88925
                507000   4509.81975   390.41125
                508000   4492.08525   392.70875
                509000   4445.38225   434.73125
                510000   4447.96975   432.64775
                511000   4401.76925   478.60375
                512000   4436.09925   427.27225
                513000   4446.12925   428.32575
                514000   4460.96275   431.28025
                515000   4430.13900   460.74700
                516000   4452.31950   451.08100
                517000   4411.51675   487.83075
                518000   4359.13075   531.70525
                519000   4346.67000   502.91000
                520000   4280.96300   504.79550
                521000   4279.36475   494.59075
                522000   4217.48825   509.05775
                523000   4121.50325   498.32725
                524000   4117.36875   489.74075
                525000   4125.32925   481.55675
                526000   4119.32725   509.40225
                527000   4146.87900   492.48350
                528000   4138.97275   519.31475
                529000   4194.62150   463.61300
                530000   4195.92650   475.88550
                531000   4241.95800   426.83600
                532000   4234.38325   433.74075
                533000   4196.68525   464.91925
                534000   4175.33125   468.27225
                535000   4192.51700   476.98750
                536000   4157.55725   517.03525
                537000   4248.01700   455.06750
                538000   4288.00250   392.60850
                539000   4319.24750   392.65100
                540000   4414.57625   378.04175
                541000   4403.37975   411.00825
                542000   4409.41250   431.57650
                543000   4448.01850   495.72000
                544000   4378.67525   546.88475
                545000   4341.85150   594.61200
                546000   4373.15550   563.92900
                547000   4372.08100   558.06400
                548000   4408.56375   513.62275
                549000   4407.19250   518.03550
                550000   4424.54775   505.89025
                551000   4429.81300   501.65550
                552000   4438.68075   502.29675
                553000   4454.33725   499.92675
                554000   4462.45850   496.26400
                555000   4481.05250   476.02700
                556000   4502.30950   445.61100
                557000   4486.18000   440.07200
                558000   4514.96500   438.69550
                559000   4548.19600   430.39850
                560000   4567.11650   423.04350
                561000   4639.05275   373.14825
                562000   4681.26925   341.65225
                563000   4711.70950   276.30850
                564000   4755.93850   228.84500
                565000   4793.93775   180.50475
                566000   4635.67650   220.99200
                567000   4571.98250   244.02800
                568000   4545.90100   261.97000
                569000   4556.29000   251.82400
                570000   4537.77625   251.18525
                571000   4516.94050   268.08950
                572000   4516.07225   275.09475
                573000   4521.80525   257.26225
                574000   4516.99975   258.09425
                575000   4533.29250   238.70550
                576000   4514.25975   258.66425
                577000   4427.29450   358.53950
                578000   4425.20225   365.21825
                579000   4361.18825   410.11325
                580000   4353.14650   413.76150
                581000   4333.24975   427.50375
                582000   4349.15900   412.13700
                583000   4372.43650   412.55250
                584000   4323.20875   432.12125
                585000   4289.92825   466.52275
                586000   4358.32050   434.32350
                587000   4383.49825   466.88525
                588000   4349.44925   484.40475
                589000   4331.93475   485.11975
                590000   4336.70775   488.55025
                591000   4364.59350   466.95100
                592000   4353.66150   471.34150
                593000   4351.29125   483.93625
                594000   4362.81425   483.72625
                595000   4354.28200   491.06150
                596000   4392.82275   462.19375
                597000   4473.84975   366.31325
                598000   4457.89575   379.14375
                599000   4475.71625   382.29625
                600000   4482.45750   383.53300
                601000   4402.98700   370.22850
                602000   4394.44700   380.57900
                603000   4378.97700   399.32300
                604000   4442.76875   375.28075
                605000   4461.33100   350.60500
                606000   4543.85350   342.50000
                607000   4546.69275   324.38375
                608000   4581.08875   318.44025
                609000   4555.11775   349.82625
                610000   4562.24050   351.85550
                611000   4513.06425   410.97925
                612000   4472.45925   454.74375
                613000   4434.74150   487.87600
                614000   4429.57075   493.56175
                615000   4420.80775   499.99825
                616000   4413.02150   503.41900
                617000   4402.95500   531.64750
                618000   4371.40500   564.14850
                619000   4414.15050   516.56350
                620000   4415.09750   512.07300
                621000   4506.86950   507.96100
                622000   4526.22400   491.30400
                623000   4484.12700   501.82200
                624000   4390.45725   522.30075
                625000   4331.76425   562.18175
                626000   4315.09775   578.70175
                627000   4334.79575   583.74975
                628000   4271.18175   662.21825
                629000   4328.47925   622.54975
                630000   4332.87625   619.28075
                631000   4398.47325   559.08725
                632000   4456.77750   516.94400
                633000   4521.50700   463.97200
                634000   4453.20375   544.05425
                635000   4419.58300   585.92950
                636000   4433.91700   579.56900
                637000   4471.07850   543.47150
                638000   4529.13975   504.45575
                639000   4534.14225   502.23875
                640000   4549.34475   503.62375
                641000   4565.29600   503.89250
                642000   4575.63475   503.52075
                643000   4596.02800   517.55200
                644000   4703.84225   502.35875
                645000   4788.79225   461.28575
                646000   4804.50400   457.57200
                647000   4782.72250   477.33200
                648000   4886.06175   373.31325
                649000   4873.04475   373.59475
                650000   4853.87425   372.17825
                651000   4823.11800   383.27700
                652000   4807.36875   382.81225
                653000   4791.28000   380.14050
                654000   4862.16475   291.38775
                655000   4916.41825   235.64375
                656000   4914.72275   246.68175
                657000   4898.76650   253.50300
                658000   4886.09250   248.70150
                659000   4880.53900   254.27700
                660000   4871.49650   255.63800
                661000   4853.37750   263.17150
                662000   4836.38050   267.08900
                663000   4880.36975   225.49875
                664000   4880.66775   224.61175
                665000   4890.34650   224.07700
                666000   4879.86875   219.08775
                667000   4938.99025   157.28675
                668000   4934.65425   151.36625
                669000   4892.67900   205.01100
                670000   4842.78575   237.75925
                671000   4825.55400   249.16500
                672000   4832.57400   243.30900
                673000   4838.75300   249.23050
                674000   4837.38425   257.24575
                675000   4839.49650   268.40050
                676000   4824.15125   272.72225
                677000   4836.63250   260.61750
                678000   4847.28750   252.86200
                679000   4847.55550   256.73000
                680000   4846.32625   257.78525
                681000   4857.34025   256.98675
                682000   4862.99275   254.92725
                683000   4853.12450   263.81500
                684000   4795.66275   306.30725
                685000   4786.52875   300.37025
                686000   4784.38725   289.43175
                687000   4777.73800   299.96200
                688000   4765.13900   324.10300
                689000   4794.54575   290.34675
                690000   4862.06900   260.71200
                691000   4898.49275   238.23225
                692000   4903.51475   227.76375
                693000   4904.97425   225.50425
                694000   4919.00325   214.04125
                695000   4915.90900   204.11250
                696000   4920.16775   191.86175
                697000   4871.97150   253.39350
                698000   4866.04750   263.85950
                699000   4851.66150   260.51750
                700000   4857.46850   268.18400
                701000   4861.25125   263.80525
                702000   4873.86750   262.51750
                703000   4893.14150   258.18700
                704000   4955.84700   218.38250
                705000   4971.94075   225.26675
                706000   4954.03025   266.49925
                707000   4958.06250   266.34300
                708000   4960.59100   268.09800
                709000   4966.51900   274.45300
                710000   4966.87375   266.84475
                711000   4963.71025   268.77175
                712000   4945.77825   265.24225
                713000   4918.68775   284.79025
                714000   4920.29875   294.04675
                715000   4921.39025   299.22225
                716000   4925.02150   298.30550
                717000   4970.59450   235.44100
                718000   4963.09425   234.86825
                719000   4982.43600   235.09400
                720000   4984.34000   227.59800
                721000   4972.55950   233.79300
                722000   4953.38550   233.91400
                723000   4939.93775   229.38575
                724000   4935.98850   231.11050
                725000   4910.66475   229.44525
                726000   4934.09875   202.56475
                727000   4919.75950   200.11600
                728000   4930.50025   174.57275
                729000   4936.28175   160.33625
                730000   4880.95775   192.78425
                731000   4855.21100   218.83650
                732000   4819.21125   250.02025
                733000   4787.76200   270.12700
                734000   4785.50325   268.46225
                735000   4782.72550   272.40250
                736000   4737.73350   324.65700
                737000   4692.07600   378.03250
                738000   4654.32300   418.67400
                739000   4648.80075   418.25775
                740000   4643.06200   413.81550
                741000   4654.35175   410.55875
                742000   4665.79475   406.12175
                743000   4669.04575   408.32325
                744000   4670.42775   403.37575
                745000   4667.90125   419.19775
                746000   4680.88450   413.46500
                747000   4692.34850   415.47200
                748000   4684.17175   419.40175
                749000   4689.59575   409.09425
                750000   4741.13800   388.58200