 Environment Timesteps   Return Mean   Return Std
                     0    -37.827167   134.924774
                  1000    -45.329167   150.355032
                  2000    -42.063833   166.275489
                  3000    -45.284167   186.308357
                  4000    -42.453167   207.954430
                  5000    -34.544167   215.180795
                  6000    -17.214833   211.210592
                  7000    -24.463667   200.390665
                  8000    -24.452000   199.258892
                  9000    -18.714667   204.550064
                 10000     30.083333   243.594285
                 11000     67.693333   273.447267
                 12000    123.555167   298.666510
                 13000    164.730167   327.563677
                 14000    232.302500   349.011946
                 15000    289.062000   378.015342
                 16000    365.031833   413.193112
                 17000    438.506667   446.377250
                 18000    535.682333   465.240740
                 19000    632.879333   485.499949
                 20000    734.952833   505.414470
                 21000    852.046167   514.965018
                 22000    960.006333   530.051946
                 23000   1078.146000   555.954192
                 24000   1200.214333   568.317070
                 25000   1302.099833   612.391749
                 26000   1405.698667   656.279383
                 27000   1526.696833   719.132399
                 28000   1652.236833   761.137281
                 29000   1766.174000   821.281164
                 30000   1866.126333   818.667950
                 31000   1971.069833   835.747311
                 32000   2074.006167   848.855614
                 33000   2177.949500   868.377643
                 34000   2281.914500   854.488224
                 35000   2400.953167   837.997192
                 36000   2509.939500   825.427382
                 37000   2600.994000   819.233325
                 38000   2675.686833   826.136992
                 39000   2766.001333   828.172083
                 40000   2853.769333   816.584002
                 41000   2939.487667   806.670533
                 42000   3023.297667   795.615242
                 43000   3107.910667   769.915748
                 44000   3175.768333   762.930814
                 45000   3280.454667   725.729706
                 46000   3377.778167   693.974354
                 47000   3455.672000   659.438762
                 48000   3541.867167   633.390314
                 49000   3634.369500   583.851114
                 50000   3709.139667   562.735795
                 51000   3790.935500   534.923043
                 52000   3869.244167   497.906908
                 53000   3952.399500   465.780208
                 54000   4014.658500   465.453670
                 55000   4077.162833   447.988332
                 56000   4137.593667   433.150653
                 57000   4210.787333   417.618721
                 58000   4277.446333   409.788050
                 59000   4327.674500   398.680780
                 60000   4382.228167   395.139636
                 61000   4430.471667   387.528481
                 62000   4495.237333   381.897372
                 63000   4539.050000   389.685062
                 64000   4605.091667   386.779715
                 65000   4654.642000   369.842081
                 66000   4707.080500   359.826523
                 67000   4779.831000   347.793750
                 68000   4837.319000   335.238786
                 69000   4889.393333   328.872667
                 70000   4927.010000   317.218343
                 71000   4977.815167   305.579702
                 72000   5016.390000   300.956620
                 73000   5060.783333   285.249713
                 74000   5114.174000   269.089065
                 75000   5168.173167   262.864976
                 76000   5211.216333   242.361490
                 77000   5251.153333   234.803274
                 78000   5287.976167   219.898107
                 79000   5303.400833   259.013990
                 80000   5338.358000   253.713813
                 81000   5384.668500   252.988107
                 82000   5421.663667   242.057119
                 83000   5467.973333   232.938220
                 84000   5507.530000   224.935906
                 85000   5537.118833   230.901177
                 86000   5571.616833   227.243984
                 87000   5601.222833   215.247633
                 88000   5617.260667   227.091327
                 89000   5661.336833   222.107302
                 90000   5691.443333   218.896755
                 91000   5719.891167   223.138457
                 92000   5754.070167   224.471203
                 93000   5771.254000   225.533705
                 94000   5770.390333   231.475952
                 95000   5794.918833   229.412388
                 96000   5816.077500   230.414939
                 97000   5838.319500   229.691075
                 98000   5858.191167   227.186558
                 99000   5904.084333   181.248999
                100000   5927.656833   174.224960
                101000   5940.000833   173.301874
                102000   5951.043667   184.784657
                103000   5948.097667   188.157952
                104000   5947.837333   181.247935
                105000   5970.943500   179.446399
                106000   5968.817333   176.864480
                107000   5958.819167   187.371618
                108000   5946.811000   212.830264
                109000   5931.147833   221.059511
                110000   5957.190000   229.432573
                111000   5940.645167   233.619297
                112000   5934.940667   229.446884
                113000   5930.700333   254.673386
                114000   5944.831667   270.161592
                115000   5832.900333   409.246981
                116000   5727.775000   548.222100
                117000   5623.615833   697.928164
                118000   5602.542000   742.569130
                119000   5597.633833   752.819655
                120000   5488.199333   880.839671
                121000   5500.357833   882.114076
                122000   5498.697000   880.878500
                123000   5512.419167   890.024809
                124000   5517.725167   909.081619
                125000   5428.665500  1056.835429
                126000   5434.427833  1066.032794
                127000   5355.558000  1209.491780
                128000   5297.915167  1308.979561
                129000   5309.120333  1347.067843
                130000   5312.914500  1362.246991
                131000   5297.459000  1431.024924
                132000   5301.277500  1480.705165
                133000   5323.080333  1489.362384
                134000   5346.045333  1487.159662
                135000   5409.979000  1359.730555
                136000   5529.226833  1256.937639
                137000   5629.460167  1131.583909
                138000   5637.680167  1119.892161
                139000   5598.635167  1177.553943
                140000   5673.924667  1116.956843
                141000   5615.507167  1203.332195
                142000   5533.422667  1300.797948
                143000   5500.574333  1375.499467
                144000   5472.598500  1435.631987
                145000   5577.960667  1337.783559
                146000   5570.660500  1435.738081
                147000   5664.420000  1360.712860
                148000   5782.916167  1245.843383
                149000   5799.030500  1217.590176
                150000   5739.878667  1324.215512
                151000   5789.812500  1345.052403
                152000   5778.281500  1379.022856
                153000   5776.003167  1385.934357
                154000   5813.411000  1406.511357
                155000   5875.172667  1435.097726
                156000   5859.502333  1472.450261
                157000   5828.518333  1466.635296
                158000   5855.373667  1497.363455
                159000   5891.033833  1501.586796
                160000   5911.442000  1534.006089
                161000   6010.614667  1492.018505
                162000   6114.333333  1403.135278
                163000   6203.617000  1347.596579
                164000   6250.454333  1339.706757
                165000   6284.062167  1326.931030
                166000   6348.503667  1267.363095
                167000   6398.252000  1221.954039
                168000   6435.925833  1240.884775
                169000   6472.703667  1258.491962
                170000   6588.614833  1187.969800
                171000   6634.279167  1133.553895
                172000   6688.627833  1109.491705
                173000   6706.605833  1159.344933
                174000   6679.879333  1216.627334
                175000   6676.729667  1278.704713
                176000   6710.271000  1286.094505
                177000   6785.866000  1290.120574
                178000   6863.068833  1273.838261
                179000   6944.245333  1239.481874
                180000   7026.253333  1180.499392
                181000   7069.785500  1166.016533
                182000   7127.307667  1192.115985
                183000   7168.656667  1172.976351
                184000   7248.083333  1130.189662
                185000   7282.858167  1108.408944
                186000   7323.679667  1091.375611
                187000   7371.802333  1112.668881
                188000   7399.847167  1095.919285
                189000   7423.668833  1057.301516
                190000   7469.641333  1030.608687
                191000   7515.171167   993.856829
                192000   7574.008333   951.374081
                193000   7666.449000   876.257457
                194000   7764.261333   796.328372
                195000   7858.552500   741.127039
                196000   7932.342333   685.373321
                197000   8002.447167   682.616856
                198000   8029.659000   666.466155
                199000   8081.354667   654.726592
                200000   8112.028333   649.656399
                201000   8149.792500   638.873497
                202000   8189.996833   635.588666
                203000   8251.102667   629.284684
                204000   8303.750167   626.093374
                205000   8358.538833   633.643012
                206000   8406.064000   636.898267
                207000   8443.938167   616.573145
                208000   8491.440000   620.897379
                209000   8567.253333   645.975235
                210000   8591.131667   648.392120
                211000   8599.033667   654.148532
                212000   8640.056833   677.821478
                213000   8655.177833   702.968653
                214000   8674.409667   693.220845
                215000   8714.619333   675.545884
                216000   8762.575167   670.501470
                217000   8786.409000   660.820931
                218000   8814.116167   639.791790
                219000   8849.061500   643.155912
                220000   8919.424000   620.080753
                221000   8950.793833   609.575608
                222000   8981.662833   594.762368
                223000   8987.277500   593.415756
                224000   8991.924167   594.266357
                225000   8979.958500   631.744223
                226000   8954.467167   631.825733
                227000   8983.483833   608.508092
                228000   9004.211833   593.114016
                229000   9019.581667   571.110978
                230000   9028.161333   566.304720
                231000   9073.536000   566.649374
                232000   9111.393000   547.752886
                233000   9159.325500   537.836871
                234000   9170.102667   567.528433
                235000   9199.487333   561.986907
                236000   9226.662333   568.542635
                237000   9256.068833   590.724828
                238000   9265.347500   589.244069
                239000   9272.582500   579.826363
                240000   9279.933333   588.978970
                241000   9300.352000   601.252362
                242000   9314.056833   593.586040
                243000   9298.918000   607.640359
                244000   9317.634833   603.886335
                245000   9356.466667   542.460563
                246000   9331.102167   567.729913
                247000   9310.699500   580.008569
                248000   9329.697667   579.455650
                249000   9247.039333   699.127076
                250000   9258.364000   698.189636
                251000   9292.802000   701.177679
                252000   9313.768833   684.823932
                253000   9330.921167   672.893865
                254000   9366.337833   651.056014
                255000   9375.767833   663.285742
                256000   9387.489000   660.456376
                257000   9399.194167   648.769927
                258000   9414.136167   669.213545
                259000   9444.233667   672.044769
                260000   9447.795000   649.722261
                261000   9465.087667   640.793581
                262000   9495.051500   642.455308
                263000   9530.117000   616.908784
                264000   9527.901667   621.232039
                265000   9533.668167   630.839973
                266000   9633.261833   600.214001
                267000   9683.841500   597.393444
                268000   9709.694333   591.313832
                269000   9750.868167   540.692875
                270000   9780.743833   529.317338
                271000   9789.488333   528.760080
                272000   9801.509500   541.635996
                273000   9822.773333   532.160126
                274000   9836.966667   525.322543
                275000   9844.339500   525.579548
                276000   9862.511167   517.157721
                277000   9866.702667   503.002672
                278000   9898.963500   515.031920
                279000   9812.527333   573.589793
                280000   9832.352667   597.758416
                281000   9851.132000   608.486322
                282000   9841.098000   591.945201
                283000   9884.216667   598.654673
                284000   9900.053500   583.597937
                285000   9927.922000   565.248394
                286000   9951.669667   534.657912
                287000   9956.419333   516.938909
                288000   9904.664167   569.218958
                289000   9980.211333   510.808707
                290000   9999.894000   509.656101
                291000  10007.327667   485.369752
                292000  10002.443667   470.858921
                293000   9993.013667   483.568778
                294000  10017.644667   478.025252
                295000  10026.898833   471.176882
                296000  10038.794500   472.414361
                297000  10058.054167   490.081844
                298000  10077.751500   467.699324
                299000  10186.445333   409.958008
                300000  10208.762167   396.242011
                301000  10186.956833   386.770273
                302000  10217.188333   398.491729
                303000  10191.187833   410.277914
                304000  10209.963000   414.356192
                305000  10225.744000   434.152724
                306000  10231.266167   438.171494
                307000  10246.897000   444.779772
                308000  10321.016167   402.647907
                309000  10324.632000   402.348045
                310000  10346.821500   388.943903
                311000  10355.874333   403.582783
                312000  10376.890833   405.968502
                313000  10394.305167   405.107552
                314000  10369.910167   413.528680
                315000  10388.505500   391.255433
                316000  10382.824667   381.622424
                317000  10412.251500   364.401174
                318000  10434.543167   354.896866
                319000  10445.210167   329.143627
                320000  10454.646000   319.253331
                321000  10489.628333   309.166116
                322000  10508.187333   297.127936
                323000  10538.510500   277.164079
                324000  10560.097333   265.376312
                325000  10573.240667   257.998851
                326000  10583.580000   265.307958
                327000  10609.944167   258.004947
                328000  10611.131333   247.774967
                329000  10640.471833   237.367214
                330000  10611.126500   251.290395
                331000  10627.626833   239.984821
                332000  10616.936333   248.496909
                333000  10628.169167   234.666846
                334000  10654.097500   228.834411
                335000  10626.043667   277.044550
                336000  10652.896000   275.633913
                337000  10650.368333   276.036246
                338000  10608.343000   291.391526
                339000  10621.612167   296.708485
                340000  10630.807667   296.741773
                341000  10645.361833   301.374571
                342000  10648.896500   313.401951
                343000  10648.421333   309.444692
                344000  10629.492167   328.765833
                345000  10629.549167   331.293504
                346000  10630.825333   328.312104
                347000  10624.857167   345.567783
                348000  10631.726833   345.797164
                349000  10636.826667   343.697168
                350000  10674.656500   345.868514
                351000  10680.676500   347.475703
                352000  10712.726000   336.501823
                353000  10728.081333   332.259702
                354000  10735.289333   339.691193
                355000  10777.848667   297.298043
                356000  10744.297833   330.135543
                357000  10757.645333   326.060852
                358000  10788.016667   330.738965
                359000  10783.870833   330.997418
                360000  10727.183500   383.954601
                361000  10727.857167   370.868339
                362000  10707.595667   376.078072
                363000  10722.503000   389.375561
                364000  10752.378500   366.037358
                365000  10768.755833   352.484887
                366000  10768.995500   365.334692
                367000  10769.741500   366.133578
                368000  10769.251500   380.448814
                369000  10764.805167   390.473449
                370000  10760.250833   380.343058
                371000  10752.298667   402.758331
                372000  10688.064833   501.880710
                373000  10669.710667   509.953488
                374000  10668.035500   520.798393
                375000  10650.845333   553.463719
                376000  10595.357000   629.862424
                377000  10590.434667   628.859045
                378000  10598.726333   604.542219
                379000  10595.941333   619.786121
                380000  10640.373667   567.911547
                381000  10626.860333   587.119349
                382000  10625.846167   596.987112
                383000  10633.714667   588.431761
                384000  10632.751833   584.454157
                385000  10601.322833   605.210076
                386000  10610.094500   603.256261
                387000  10579.650000   598.829201
                388000  10594.805333   582.767039
                389000  10602.193667   575.043575
                390000  10617.481000   575.525920
                391000  10614.325500   563.747307
                392000  10615.024667   532.323580
                393000  10632.714000   524.093673
                394000  10644.608833   513.468045
                395000  10646.132833   487.916340
                396000  10733.082000   386.968482
                397000  10724.704333   393.531278
                398000  10728.694000   396.615917
                399000  10752.405833   386.912867
                400000  10733.948667   391.105267
                401000  10711.993667   398.490578
                402000  10735.993167   377.617308
                403000  10739.241833   370.516890
                404000  10702.514500   439.333770
                405000  10708.282167   451.185565
                406000  10702.532333   454.394630
                407000  10662.053833   524.697123
                408000  10620.013333   551.048886
                409000  10530.792167   685.964703
                410000  10444.387167   795.795010
                411000  10406.507167   848.567702
                412000  10442.152333   799.888907
                413000  10424.696000   804.781640
                414000  10383.642000   863.019323
                415000  10391.493333   867.838433
                416000  10389.147833   877.388371
                417000  10413.600833   866.978403
                418000  10416.947000   875.300790
                419000  10422.387333   865.165365
                420000  10460.009500   869.218392
                421000  10489.936167   847.740844
                422000  10478.653833   874.674504
                423000  10477.271500   888.324542
                424000  10535.023833   826.469831
                425000  10541.112500   819.623161
                426000  10550.798833   822.650468
                427000  10640.203833   740.869310
                428000  10606.241500   793.319814
                429000  10669.249833   684.254375
                430000  10756.879333   569.695978
                431000  10818.512667   504.236165
                432000  10843.506833   489.642368
                433000  10828.499333   486.340702
                434000  10851.248167   436.804274
                435000  10863.777667   416.933201
                436000  10864.327500   402.055646
                437000  10820.409833   421.953463
                438000  10814.118667   414.972240
                439000  10715.278333   491.849535
                440000  10722.198333   484.692572
                441000  10698.867500   499.735554
                442000  10674.971333   473.243441
                443000  10654.298000   491.293224
                444000  10544.151667   620.137325
                445000  10531.946833   612.864568
                446000  10509.974167   613.630068
                447000  10459.782167   633.424842
                448000  10495.534833   588.916314
                449000  10493.509000   632.190108
                450000  10470.665500   639.004485
                451000  10459.586500   650.243053
                452000  10454.058500   670.490336
                453000  10480.132333   699.538457
                454000  10514.178333   678.768770
                455000  10541.300333   680.861512
                456000  10565.126667   686.164329
                457000  10599.487000   689.574274
                458000  10608.970833   696.603907
                459000  10668.273833   661.737194
                460000  10630.235167   686.694583
                461000  10631.178167   717.892517
                462000  10685.712500   711.113390
                463000  10688.196167   722.638994
                464000  10760.457333   616.613818
                465000  10788.593833   626.399746
                466000  10836.211167   601.717023
                467000  10869.607333   594.371390
                468000  10906.873833   567.915178
                469000  10946.455833   503.831975
                470000  10971.604667   504.581067
                471000  10984.927000   511.716579
                472000  10972.854333   518.202751
                473000  10961.440333   524.318865
                474000  10955.837667   536.071661
                475000  10854.763000   613.909503
                476000  10839.284833   606.649595
                477000  10848.211833   594.224799
                478000  10867.068000   578.516851
                479000  10894.624167   547.227415
                480000  10939.205333   520.671840
                481000  10964.538333   477.372543
                482000  10942.889500   501.761260
                483000  10900.746333   514.589536
                484000  10908.979333   508.401418
                485000  10908.616333   482.162193
                486000  10878.120833   495.064542
                487000  10881.892500   476.336916
                488000  10811.719667   482.834842
                489000  10807.171333   486.406772
                490000  10735.816500   573.834691
                491000  10722.848167   558.352607
                492000  10664.192167   628.569452
                493000  10686.239333   592.213518
                494000  10672.938833   591.552670
                495000  10715.778167   533.636333
                496000  10694.690167   534.492754
                497000  10667.682000   547.025755
                498000  10632.083333   558.099764
                499000  10624.277833   555.919585
                500000  10597.982000   586.269149
                501000  10602.768333   593.086414
                502000  10598.486500   587.454102
                503000  10637.652500   555.441417
                504000  10621.469500   531.601302
                505000  10556.477333   583.674579
                506000  10549.324333   616.414950
                507000  10563.872667   625.885086
                508000  10619.706833   630.174812
                509000  10598.480500   631.896979
                510000  10658.785333   556.655032
                511000  10661.700167   554.519596
                512000  10746.101167   462.514027
                513000  10665.917833   494.736150
                514000  10623.605000   555.106873
                515000  10659.233167   537.931360
                516000  10675.244833   534.943880
                517000  10707.850167   525.700397
                518000  10683.803667   536.921539
                519000  10687.037167   538.351678
                520000  10670.950667   531.164638
                521000  10614.705500   580.940477
                522000  10626.617833   573.918879
                523000  10630.366667   559.986597
                524000  10649.310167   587.995777
                525000  10725.920500   563.807320
                526000  10741.462333   548.174292
                527000  10723.051667   553.699512
                528000  10713.195500   586.551085
                529000  10741.576833   604.475079
                530000  10745.502000   613.102374
                531000  10707.924167   675.019237
                532000  10636.566167   700.348655
                533000  10734.459333   671.352757
                534000  10801.636167   615.836590
                535000  10753.551833   640.826777
                536000  10767.764000   643.443681
                537000  10749.622333   641.281287
                538000  10771.091000   672.983898
                539000  10731.179167   702.472660
                540000  10740.685833   701.098628
                541000  10756.871000   678.616515
                542000  10748.528833   690.042868
                543000  10773.283167   697.510012
                544000  10793.772167   677.385038
                545000  10760.637833   682.965486
                546000  10776.956833   664.493176
                547000  10791.654000   672.371719
                548000  10798.470833   652.867219
                549000  10800.718333   641.016102
                550000  10801.065333   618.611731
                551000  10840.784667   574.776698
                552000  10884.111500   540.399530
                553000  10831.262500   558.683591
                554000  10796.718000   576.851235
                555000  10852.345833   564.219607
                556000  10841.653667   580.012057
                557000  10842.408667   568.007031
                558000  10877.936167   521.591806
                559000  10922.593667   485.851066
                560000  10962.334167   466.731601
                561000  10991.340833   456.142659
                562000  10989.735667   465.693784
                563000  10987.941667   456.684727
                564000  10974.029500   475.277205
                565000  10997.209000   464.000414
                566000  10989.101333   471.139036
                567000  10982.157000   464.615633
                568000  10986.063500   456.887827
                569000  10985.663500   446.012245
                570000  10929.652833   468.431195
                571000  10922.180167   482.416180
                572000  10951.507500   483.323944
                573000  10921.091833   468.229511
                574000  10855.573167   512.065724
                575000  10838.719667   504.543776
                576000  10845.546667   509.405425
                577000  10858.802000   532.915464
                578000  10854.540833   543.756917
                579000  10828.566833   551.685713
                580000  10833.115167   560.445783
                581000  10800.380667   616.530037
                582000  10840.028500   583.427507
                583000  10817.029000   589.302858
                584000  10831.981333   575.844609
                585000  10828.754167   584.238047
                586000  10838.594833   582.624060
                587000  10860.381167   570.242588
                588000  10894.091667   555.664595
                589000  10868.743500   563.416569
                590000  10948.342667   542.963512
                591000  10977.343833   521.337016
                592000  10956.348833   568.614581
                593000  11018.954000   582.028782
                594000  11103.674333   534.383194
                595000  11131.982167   543.939450
                596000  11103.731167   552.076999
                597000  11088.085833   561.080684
                598000  11064.587500   573.607244
                599000  11027.129833   689.952070
                600000  11013.894833   701.573412
                601000  11073.826500   615.708312
                602000  11080.081167   614.756975
                603000  11099.114167   629.845924
                604000  11114.890167   638.783971
                605000  11155.137333   611.713247
                606000  11152.928333   605.407978
                607000  11134.948167   616.624928
                608000  11123.012833   613.847507
                609000  11138.860500   623.133520
                610000  11112.025167   620.267997
                611000  11104.524000   630.794954
                612000  11101.233500   588.456757
                613000  11123.407833   569.713064
                614000  11118.029167   563.008246
                615000  11109.077833   548.275523
                616000  11165.305167   530.410946
                617000  11189.415833   497.999215
                618000  11229.474500   492.496561
                619000  11232.850000   472.161023
                620000  11227.019667   479.000917
                621000  11222.872667   486.576301
                622000  11189.659000   506.382774
                623000  11190.904500   502.454319
                624000  11181.467500   491.925820
                625000  11183.192167   493.180177
                626000  11132.504000   500.152117
                627000  11145.564333   483.856355
                628000  11144.271167   478.761588
                629000  11145.643500   459.085946
                630000  11159.903500   455.111615
                631000  11162.614667   443.130066
                632000  11194.127667   442.411792
                633000  11205.996833   437.644263
                634000  11223.529000   422.719754
                635000  11229.481667   418.496137
                636000  11195.319500   420.667071
                637000  11220.242500   426.792226
                638000  11189.728667   428.903453
                639000  11250.211667   343.857101
                640000  11248.010167   335.113534
                641000  11260.277000   343.025562
                642000  11287.018333   338.316689
                643000  11295.836167   336.732113
                644000  11331.904000   330.873342
                645000  11343.512000   326.803541
                646000  11411.171333   334.270506
                647000  11442.460000   343.455075
                648000  11480.503333   344.231945
                649000  11522.660167   339.738664
                650000  11556.257500   335.607472
                651000  11577.140500   333.339281
                652000  11597.250833   332.126111
                653000  11584.126167   345.921763
                654000  11598.623500   347.893524
                655000  11615.548833   364.413840
                656000  11632.223667   364.742690
                657000  11586.032833   362.888509
                658000  11604.827833   354.875874
                659000  11595.974833   361.000183
                660000  11627.075167   338.847126
                661000  11614.994333   344.992941
                662000  11625.659000   337.437923
                663000  11630.723000   332.198475
                664000  11613.459833   339.969269
                665000  11561.864667   362.052470
                666000  11557.165333   333.168902
                667000  11513.585167   341.554165
                668000  11479.509500   349.452526
                669000  11456.234167   364.374632
                670000  11365.160833   413.070689
                671000  11337.924667   409.972845
                672000  11333.140167   407.274904
                673000  11340.484000   396.498696
                674000  11312.618500   402.781877
                675000  11322.101500   389.940875
                676000  11329.992667   381.874382
                677000  11359.820000   402.185490
                678000  11323.099833   415.583699
                679000  11386.176167   387.656406
                680000  11391.170833   390.290446
                681000  11413.767167   385.599013
                682000  11403.109333   391.171270
                683000  11417.609333   376.361062
                684000  11434.136500   363.449150
                685000  11468.330000   344.649694
                686000  11463.027667   355.817717
                687000  11487.521167   349.090676
                688000  11484.142667   332.328324
                689000  11482.963667   333.388561
                690000  11548.625333   305.125882
                691000  11571.508333   308.154303
                692000  11575.889500   314.032767
                693000  11584.509667   311.261055
                694000  11631.308667   294.359658
                695000  11630.220000   293.450428
                696000  11641.074333   283.956159
                697000  11647.735833   280.747543
                698000  11690.147833   265.181711
                699000  11601.468333   295.558994
                700000  11586.594000   308.687682
                701000  11502.848167   399.776475
                702000  11470.001167   400.700061
                703000  11429.413000   463.631579
                704000  11420.770500   481.492515
                705000  11438.010500   482.260122
                706000  11446.191000   484.793658
                707000  11459.680667   490.080615
                708000  11492.165667   500.863876
                709000  11484.733833   512.461453
                710000  11497.001667   509.361625
                711000  11497.136500   508.410412
                712000  11477.325833   533.090820
                713000  11480.498833   530.266885
                714000  11469.005833   541.003634
                715000  11467.749500   538.267178
                716000  11464.651000   549.883352
                717000  11462.063333   529.954256
                718000  11469.654833   513.469641
                719000  11527.141333   491.315241
                720000  11528.091167   500.179354
                721000  11612.196167   404.287464
                722000  11656.595500   392.637890
                723000  11683.287167   339.369816
                724000  11682.833333   329.811496
                725000  11672.554833   325.147492
                726000  11660.021167   346.835864
                727000  11635.316000   344.921687
                728000  11618.480833   355.463438
                729000  11638.688833   342.103458
                730000  11598.259000   361.626868
                731000  11600.095000   379.252613
                732000  11633.015000   349.195393
                733000  11625.222000   370.030290
                734000  11626.660167   358.743574
                735000  11621.523500   360.044468
                736000  11618.974833   362.664517
                737000  11629.125833   368.874639
                738000  11633.449500   379.734091
                739000  11651.294000   375.479139
                740000  11675.196500   350.716124
                741000  11675.189167   338.788015
                742000  11656.748667   358.572477
                743000  11679.375167   349.492529
                744000  11685.019000   339.620710
                745000  11672.100667   382.433447
                746000  11693.309167   349.049665
                747000  11709.823500   341.192681
                748000  11720.568333   343.531717
                749000  11709.585333   353.873326
                750000  11755.903000   326.366351
                751000  11749.558833   321.155440
                752000  11728.761667   312.234055
                753000  11725.882333   307.417263
                754000  11708.688333   308.865058
                755000  11701.628667   306.413498
                756000  11716.640500   292.761903
                757000  11717.719000   284.767071
                758000  11697.374333   300.025646
                759000  11672.525000   324.037408
                760000  11646.779833   353.733041
                761000  11642.737667   359.635064
                762000  11633.538500   337.444601
                763000  11604.966333   344.052628
                764000  11576.293667   352.540062
                765000  11592.827333   312.968645
                766000  11612.163833   311.110787
                767000  11623.852667   311.563326
                768000  11630.876667   294.344780
                769000  11636.183500   273.555102
                770000  11604.314500   268.329566
                771000  11620.213667   252.483459
                772000  11638.425500   266.177130
                773000  11628.422667   263.621782
                774000  11590.645000   339.402055
                775000  11601.800333   349.911933
                776000  11592.762833   353.702871
                777000  11599.172833   358.224762
                778000  11623.996167   341.974198
                779000  11625.156000   333.664039
                780000  11628.474167   325.871495
                781000  11629.558833   331.568813
                782000  11658.673500   339.481375
                783000  11676.852167   334.602580
                784000  11711.142333   340.177875
                785000  11685.099167   356.782151
                786000  11645.142000   377.495582
                787000  11636.675000   381.237647
                788000  11631.299500   390.884114
                789000  11649.619833   386.044945
                790000  11670.558667   378.577186
                791000  11626.969500   433.600911
                792000  11583.995333   498.044927
                793000  11602.741333   507.766574
                794000  11655.497500   441.943172
                795000  11660.154167   444.173154
                796000  11660.687667   448.593939
                797000  11660.901833   446.411431
                798000  11641.672500   466.957494
                799000  11672.858167   454.203648
                800000  11681.663333   446.178133
                801000  11679.702833   446.558358
                802000  11679.037667   449.803980
                803000  11679.999333   450.773402
                804000  11666.611333   458.971211
                805000  11676.064500   452.873582
                806000  11698.979333   441.502523
                807000  11687.910667   445.361069
                808000  11690.266500   433.037802
                809000  11695.161000   441.241204
                810000  11702.659333   459.382365
                811000  11741.587500   401.530223
                812000  11789.328833   337.089703
                813000  11799.426167   334.201119
                814000  11809.306500   323.001180
                815000  11772.211667   322.742671
                816000  11756.197167   365.882344
                817000  11722.846833   392.364692
                818000  11747.044667   369.165190
                819000  11708.507333   374.052601
                820000  11717.802333   374.637543
                821000  11712.162167   375.034244
                822000  11702.223833   384.002907
                823000  11715.761500   394.020915
                824000  11711.528000   380.583457
                825000  11724.013667   377.802269
                826000  11728.724333   371.668579
                827000  11667.560000   482.945581
                828000  11655.229500   491.071320
                829000  11632.364500   500.858275
                830000  11602.722000   506.233719
                831000  11600.582500   520.327905
                832000  11592.847333   509.123408
                833000  11585.226000   495.386637
                834000  11469.838000   558.088730
                835000  11511.689333   554.572538
                836000  11545.516667   508.452595
                837000  11567.882833   496.082580
                838000  11557.821333   505.981120
                839000  11568.735167   494.602010
                840000  11566.339667   491.495734
                841000  11576.052500   481.057518
                842000  11505.707667   555.199534
                843000  11503.167000   554.110785
                844000  11510.515000   565.884006
                845000  11515.600333   565.200924
                846000  11516.165833   572.968639
                847000  11592.347333   455.185234
                848000  11577.427833   472.230797
                849000  11557.402500   509.158827
                850000  11576.037833   510.062212
                851000  11563.909500   520.419818
                852000  11475.688167   667.873285
                853000  11437.017000   735.967886
                854000  11530.601667   681.416547
                855000  11531.346833   678.242571
                856000  11525.133500   676.535657
                857000  11534.688500   673.152564
                858000  11539.124333   667.307586
                859000  11550.000000   675.891823
                860000  11534.175000   668.731982
                861000  11543.125667   680.358915
                862000  11635.540833   594.664888
                863000  11633.985833   585.518249
                864000  11620.642333   580.201352
                865000  11603.191333   602.690679
                866000  11547.633333   634.262702
                867000  11536.190667   647.541207
                868000  11577.367833   631.295207
                869000  11617.468000   583.916020
                870000  11633.832667   585.680808
                871000  11621.856000   578.862291
                872000  11712.594167   446.179945
                873000  11747.137500   382.009955
                874000  11759.488833   382.452734
                875000  11748.456500   382.625882
                876000  11732.667667   381.707596
                877000  11733.825833   396.094806
                878000  11745.675500   386.823293
                879000  11749.624500   390.213148
                880000  11772.712667   394.315195
                881000  11770.724167   386.234775
                882000  11772.131000   378.590288
                883000  11764.408000   387.112734
                884000  11785.576333   370.280683
                885000  11773.777833   393.870840
                886000  11821.700667   368.262564
                887000  11850.922500   345.504479
                888000  11822.824667   358.958984
                889000  11798.527500   377.785588
                890000  11818.310000   353.725123
                891000  11833.821500   376.161893
                892000  11848.185667   366.451532
                893000  11849.921667   372.599373
                894000  11873.201000   357.145369
                895000  11885.556667   349.885421
                896000  11906.817000   354.798348
                897000  11881.133167   329.260851
                898000  11862.648333   333.010371
                899000  11840.481000   343.119625
                900000  11823.521167   337.825955
                901000  11822.856167   354.199950
                902000  11807.274667   369.419174
                903000  11805.104000   360.102183
                904000  11794.821167   365.257654
                905000  11805.408833   322.841815
                906000  11804.654833   321.046406
                907000  11767.249167   329.168283
                908000  11778.054167   315.395216
                909000  11788.998333   318.488137
                910000  11765.154000   339.011851
                911000  11774.841000   304.484505
                912000  11761.466833   307.416040
                913000  11760.796500   296.441530
                914000  11696.677500   380.906310
                915000  11687.049167   385.852818
                916000  11678.499000   383.317844
                917000  11662.906500   430.289252
                918000  11653.574500   441.088374
                919000  11682.060667   425.662936
                920000  11673.752500   455.855183
                921000  11653.418000   451.357819
                922000  11655.911500   468.252065
                923000  11662.800000   461.514538
                924000  11675.622333   466.487302
                925000  11708.754333   459.091915
                926000  11728.146500   453.486773
                927000  11731.679500   474.564402
                928000  11716.462000   486.284591
                929000  11731.736667   467.829315
                930000  11730.790000   463.332320
                931000  11722.742333   464.967960
                932000  11719.875333   469.086528
                933000  11739.822333   476.123646
                934000  11786.150167   401.183272
                935000  11774.277000   407.876515
                936000  11773.194667   402.819568
                937000  11803.463667   352.800618
                938000  11828.180833   345.384351
                939000  11813.463000   345.240714
                940000  11839.086833   313.093108
                941000  11855.748333   320.173341
                942000  11853.505167   289.181347
                943000  11824.061000   305.944939
                944000  11790.473333   307.179107
                945000  11779.027833   326.473912
                946000  11760.743833   333.043362
                947000  11787.848500   304.481179
                948000  11808.911167   291.560470
                949000  11819.054333   290.279255
                950000  11831.439333   281.165901
                951000  11842.955167   272.764238
                952000  11852.632833   258.593972
                953000  11847.534667   262.339423
                954000  11841.685000   260.835691
                955000  11867.414167   244.978172
                956000  11879.459500   249.036968
                957000  11890.867000   255.648429
                958000  11893.538167   262.254405
                959000  11894.230833   263.920210
                960000  11884.147833   268.309499
                961000  11892.213167   247.582870
                962000  11894.152167   245.703855
                963000  11908.962500   249.441948
                964000  11931.284667   261.006662
                965000  11916.750333   248.328548
                966000  11933.701333   240.874337
                967000  11923.927000   260.139993
                968000  11924.481667   263.218280
                969000  11912.648167   262.769669
                970000  11910.549500   262.446311
                971000  11892.515167   281.633675
                972000  11857.360000   293.528264
                973000  11844.012500   285.114523
                974000  11868.006167   282.629219
                975000  11848.856500   290.154051
                976000  11823.630667   297.937987
                977000  11789.244667   327.328742
                978000  11711.099500   402.355259
                979000  11715.963833   405.528113
                980000  11715.617000   412.412391
                981000  11700.397333   420.813559
                982000  11694.842167   428.987848
                983000  11703.212833   421.432804
                984000  11700.123167   414.281037
                985000  11711.544333   411.753802
                986000  11711.142833   419.157696
                987000  11693.093500   408.957331
                988000  11681.652667   412.247370
                989000  11673.201833   439.027922
                990000  11655.925333   461.547512
                991000  11676.696500   468.661598
                992000  11699.517333   470.098620
                993000  11711.267500   463.021675
                994000  11704.584333   465.567274
                995000  11711.969167   474.613266
                996000  11739.366667   468.142720
                997000  11737.736833   468.607376
                998000  11798.006500   387.180307
                999000  11816.475000   372.217187
               1000000  11823.059667   364.209111