 Environment Timesteps   Return Mean   Return Std
                     0    111.691833    99.971718
                  1000    183.349667   117.941172
                  2000    263.965000   131.201695
                  3000    343.339167   137.827993
                  4000    434.435000   155.840169
                  5000    539.546000   183.238720
                  6000    668.687833   199.873678
                  7000    806.019000   223.183632
                  8000    936.726833   231.141694
                  9000   1080.768667   231.716694
                 10000   1232.615167   243.414321
                 11000   1380.744833   258.216284
                 12000   1541.030500   267.943146
                 13000   1705.385667   274.567654
                 14000   1881.702833   287.822352
                 15000   2048.709833   288.930233
                 16000   2234.621833   293.010781
                 17000   2383.427333   282.965807
                 18000   2512.838667   284.214031
                 19000   2587.437333   278.765787
                 20000   2683.031333   289.358004
                 21000   2756.905500   281.626633
                 22000   2816.193500   286.840110
                 23000   2884.419000   291.873924
                 24000   2945.710333   290.617910
                 25000   2982.361833   278.918597
                 26000   3023.757500   272.828813
                 27000   3039.337000   274.013235
                 28000   3060.147167   269.968746
                 29000   3082.436667   286.121802
                 30000   3051.010333   313.124590
                 31000   3037.495000   342.699752
                 32000   2974.589500   404.249940
                 33000   2837.583000   449.510230
                 34000   2720.640500   533.211239
                 35000   2596.509167   607.973828
                 36000   2454.430833   674.257789
                 37000   2276.304833   668.984357
                 38000   2139.260500   691.730944
                 39000   2065.232500   729.163969
                 40000   2007.876333   789.819233
                 41000   1960.874000   862.116859
                 42000   1925.890167   928.525859
                 43000   1888.234833   999.746699
                 44000   1853.238667  1039.405098
                 45000   1835.345333  1089.816061
                 46000   1851.841667  1121.289455
                 47000   1889.071167  1121.333091
                 48000   1929.482667  1147.461695
                 49000   1948.368667  1153.955298
                 50000   2011.994667  1138.273052
                 51000   2064.291667  1114.140919
                 52000   2132.163333  1050.299812
                 53000   2271.286500  1019.056100
                 54000   2362.034000   942.824318
                 55000   2479.921667   881.532751
                 56000   2593.050167   848.606183
                 57000   2750.299500   879.841102
                 58000   2883.713167   868.006778
                 59000   2974.184000   845.488280
                 60000   3024.290167   794.389198
                 61000   3077.352000   743.608482
                 62000   3120.963000   672.629249
                 63000   3156.445667   604.253737
                 64000   3170.704333   560.567262
                 65000   3190.504167   513.166241
                 66000   3159.425500   468.134403
                 67000   3110.499000   451.857127
                 68000   3025.002833   441.753724
                 69000   2929.598833   450.153961
                 70000   2836.780167   475.435835
                 71000   2721.136833   504.623307
                 72000   2620.763833   509.071443
                 73000   2493.835500   523.028027
                 74000   2381.565000   536.299096
                 75000   2260.439667   555.141148
                 76000   2162.821000   565.528543
                 77000   2104.723667   610.652427
                 78000   2054.256167   671.861768
                 79000   2035.229000   696.682956
                 80000   2015.198500   728.322904
                 81000   2021.809667   751.387102
                 82000   2042.080833   777.058015
                 83000   2043.496667   814.183178
                 84000   2080.914667   818.216869
                 85000   2101.594167   823.035900
                 86000   2117.929333   840.500096
                 87000   2159.252333   857.767720
                 88000   2198.706000   889.797091
                 89000   2152.586333   927.808635
                 90000   2111.173667   955.325812
                 91000   2054.450167   937.699762
                 92000   2016.729667   972.252646
                 93000   2014.842833  1002.140487
                 94000   2049.313667  1059.082343
                 95000   2061.041167  1070.640189
                 96000   2141.633667  1124.831874
                 97000   2184.439167  1150.653475
                 98000   2268.887500  1125.714303
                 99000   2365.394833  1093.550022
                100000   2447.336333  1077.498298
                101000   2493.782000  1077.627794
                102000   2518.848000  1068.634834
                103000   2586.054500  1031.040537
                104000   2617.950000  1017.425347
                105000   2652.536833  1001.043042
                106000   2716.159500  1014.103333
                107000   2752.110167   991.898290
                108000   2817.634500   951.502345
                109000   2978.237000   898.010704
                110000   3147.964500   840.168671
                111000   3347.438833   833.288125
                112000   3538.674833   814.098422
                113000   3721.037167   762.602099
                114000   3877.551333   691.592077
                115000   4053.440500   667.276455
                116000   4089.064667   601.792694
                117000   4162.435167   526.066283
                118000   4128.513000   508.422957
                119000   4115.379000   510.270542
                120000   4101.122333   512.791661
                121000   4062.806000   514.395768
                122000   4060.339500   542.679825
                123000   4024.597500   577.029858
                124000   4022.623500   616.367467
                125000   3998.618500   695.663123
                126000   3942.040000   741.872336
                127000   3889.138500   800.370657
                128000   3839.740333   875.011742
                129000   3800.661667   948.881322
                130000   3780.979667  1023.515607
                131000   3790.513833  1103.326260
                132000   3777.344167  1175.641965
                133000   3780.285500  1272.231433
                134000   3758.356167  1349.981298
                135000   3735.872167  1428.338049
                136000   3746.868333  1471.246768
                137000   3677.715000  1545.401727
                138000   3666.710167  1611.954151
                139000   3588.083167  1692.385184
                140000   3514.313500  1758.261631
                141000   3519.939500  1828.948633
                142000   3457.417333  1848.503683
                143000   3378.957833  1901.915690
                144000   3274.740000  1946.353477
                145000   3195.518000  1926.124844
                146000   3137.993667  1925.403362
                147000   3117.590667  1928.324056
                148000   3163.634000  1905.654208
                149000   3227.462833  1890.711797
                150000   3250.999667  1860.909913
                151000   3279.606000  1804.216842
                152000   3336.371500  1718.641229
                153000   3401.236833  1634.377194
                154000   3476.853333  1555.811604
                155000   3562.526000  1465.667294
                156000   3661.189667  1396.041956
                157000   3780.675667  1305.523818
                158000   3923.935667  1244.930852
                159000   4021.229167  1242.899265
                160000   4091.338833  1281.331238
                161000   4122.094000  1313.620621
                162000   4170.892000  1386.349458
                163000   4344.948000  1395.208025
                164000   4516.422000  1400.216514
                165000   4668.103833  1440.809657
                166000   4794.775333  1482.669570
                167000   4920.416833  1550.920055
                168000   4915.179333  1604.703037
                169000   4957.630833  1650.047695
                170000   4890.152333  1741.236028
                171000   4840.703000  1854.969272
                172000   4770.321000  1993.759017
                173000   4697.815167  2126.357893
                174000   4732.315333  2160.821704
                175000   4621.811167  2301.133730
                176000   4486.703000  2467.637185
                177000   4400.540333  2633.376873
                178000   4348.465000  2761.915030
                179000   4358.322000  2837.918086
                180000   4419.446833  2858.762674
                181000   4548.405667  2741.478013
                182000   4693.106833  2659.452844
                183000   4798.564167  2578.602742
                184000   4877.658500  2494.169328
                185000   5009.459500  2421.544474
                186000   5153.444333  2329.170794
                187000   5217.297500  2230.600102
                188000   5411.867667  2143.651577
                189000   5526.281000  2063.105946
                190000   5754.616333  1943.890942
                191000   5936.388667  1837.274430
                192000   6138.477500  1713.071021
                193000   6338.932500  1589.811106
                194000   6392.478667  1610.791464
                195000   6593.309000  1503.843059
                196000   6815.346500  1382.940220
                197000   7005.923333  1285.722674
                198000   7043.731833  1260.854787
                199000   7146.209833  1195.625172
                200000   7278.629500  1058.484768
                201000   7266.212333  1076.605729
                202000   7270.958500  1112.213177
                203000   7284.082500  1149.936453
                204000   7301.333000  1237.510816
                205000   7299.051833  1306.853401
                206000   7285.478167  1345.018630
                207000   7344.441667  1391.496763
                208000   7357.613667  1419.632339
                209000   7361.709167  1437.038080
                210000   7383.668167  1447.738712
                211000   7350.392667  1480.353669
                212000   7373.666000  1490.191873
                213000   7379.962167  1508.108272
                214000   7414.196500  1483.201123
                215000   7375.176167  1552.302689
                216000   7383.405000  1553.436493
                217000   7396.874167  1554.429716
                218000   7441.993000  1530.413064
                219000   7415.827167  1551.194451
                220000   7330.204333  1643.911750
                221000   7317.063500  1719.491008
                222000   7295.393500  1761.060098
                223000   7195.545167  1832.677995
                224000   7097.836333  1876.641703
                225000   7039.897000  1936.555153
                226000   6976.126333  2017.747897
                227000   6879.232833  2071.682531
                228000   6811.564667  2121.348465
                229000   6775.838167  2117.847397
                230000   6687.142500  2173.829081
                231000   6669.150833  2178.895228
                232000   6567.740500  2223.723621
                233000   6349.738000  2177.202352
                234000   6281.667167  2235.004827
                235000   6162.032500  2196.206115
                236000   6027.620833  2258.446441
                237000   5886.023000  2300.924440
                238000   5799.372500  2289.160151
                239000   5730.899000  2290.348577
                240000   5704.258000  2270.536693
                241000   5730.449333  2280.943332
                242000   5618.697500  2313.572646
                243000   5667.378500  2335.219778
                244000   5694.339833  2323.937482
                245000   5713.281000  2326.629775
                246000   5698.406500  2341.179159
                247000   5725.214167  2372.375873
                248000   5696.285833  2443.451746
                249000   5626.625333  2574.534220
                250000   5691.450167  2531.427801
                251000   5809.406167  2457.541126
                252000   5912.466333  2421.977718
                253000   6145.152833  2447.424132
                254000   6227.440000  2391.523045
                255000   6458.622167  2331.930681
                256000   6681.974833  2238.345419
                257000   6907.902167  2151.555616
                258000   7093.745500  2088.691926
                259000   7306.891000  1973.095686
                260000   7332.357833  2034.473051
                261000   7469.306333  1896.919875
                262000   7616.891667  1923.688714
                263000   7621.202333  1950.102367
                264000   7665.338167  2013.735404
                265000   7676.835667  2033.727348
                266000   7805.805167  1948.788320
                267000   7943.922667  1819.028626
                268000   8057.126833  1675.088882
                269000   8107.707167  1626.623152
                270000   8111.601000  1677.482491
                271000   8053.115333  1775.887484
                272000   7991.579000  1810.958419
                273000   7966.485500  1873.830022
                274000   8031.413167  1853.849850
                275000   8034.743000  1860.919585
                276000   8034.484833  1868.773401
                277000   7898.370167  2061.924777
                278000   7874.581333  2108.110738
                279000   7883.017833  2097.256777
                280000   8064.152667  1945.835234
                281000   8076.892833  1959.453765
                282000   8214.459500  1787.881035
                283000   8358.077833  1628.558672
                284000   8491.119833  1489.729063
                285000   8617.188500  1337.749746
                286000   8686.418000  1285.432730
                287000   8712.006833  1271.465337
                288000   8766.258333  1273.205576
                289000   8918.347500  1153.642002
                290000   9031.128667  1070.768616
                291000   9126.459833   981.786316
                292000   9254.390000   910.828333
                293000   9327.560500   834.782333
                294000   9344.234667   814.533502
                295000   9373.015000   798.077454
                296000   9387.707833   802.082137
                297000   9522.696167   606.715924
                298000   9608.966333   535.256119
                299000   9441.403000   753.574236
                300000   9262.666500   960.657713
                301000   9264.652833   968.740361
                302000   9162.661000  1106.804426
                303000   9029.158500  1246.277000
                304000   8939.917000  1367.924389
                305000   8831.855667  1516.205140
                306000   8710.211667  1683.494749
                307000   8593.570333  1850.256019
                308000   8477.590333  1996.313743
                309000   8354.524333  2161.119223
                310000   8324.785500  2157.677528
                311000   8324.302333  2152.427208
                312000   8321.135167  2178.322783
                313000   8268.950167  2277.171225
                314000   8251.503167  2278.382047
                315000   8236.788167  2284.901592
                316000   8170.368667  2328.079365
                317000   8193.528667  2312.176401
                318000   8071.940333  2439.441559
                319000   8176.063000  2356.647978
                320000   8170.328667  2351.694697
                321000   8163.211833  2345.144895
                322000   8208.210833  2265.441354
                323000   8304.869500  2165.861075
                324000   8419.583667  2012.477796
                325000   8558.572167  1841.848655
                326000   8687.170167  1670.198130
                327000   8776.540333  1506.957075
                328000   8870.040333  1372.411509
                329000   9003.903333  1207.460116
                330000   9025.380500  1200.040928
                331000   9032.145833  1194.483220
                332000   9059.754167  1173.228428
                333000   9103.360167  1098.621047
                334000   9070.749167  1112.862770
                335000   9090.274833  1135.082937
                336000   9142.585833  1088.777660
                337000   9152.659833  1098.395963
                338000   9298.061500   953.050926
                339000   9405.539167   825.333497
                340000   9569.633000   689.555924
                341000   9520.268333   727.254896
                342000   9577.131500   647.317280
                343000   9630.504167   604.121352
                344000   9604.342500   608.519895
                345000   9612.008333   604.099829
                346000   9592.834167   618.600129
                347000   9607.641500   604.413562
                348000   9662.912500   569.347345
                349000   9645.756500   560.368405
                350000   9634.885667   561.985135
                351000   9643.598833   562.612564
                352000   9651.021833   553.597434
                353000   9656.472333   584.120896
                354000   9666.243167   618.197014
                355000   9674.482333   590.899624
                356000   9698.391667   575.631371
                357000   9706.810167   562.275556
                358000   9709.262500   564.010325
                359000   9699.079167   559.169534
                360000   9728.110500   484.173790
                361000   9792.237167   457.968566
                362000   9831.745500   467.088820
                363000   9829.365500   450.221759
                364000   9859.211167   451.967615
                365000   9834.817000   474.206654
                366000   9869.160833   458.563729
                367000   9891.580833   449.252022
                368000   9883.327333   437.603825
                369000   9921.903833   447.656490
                370000   9961.282000   437.655786
                371000   9959.858000   445.014413
                372000   9970.717000   450.468568
                373000  10006.990000   393.362700
                374000  10082.279167   338.595732
                375000  10094.576500   354.495316
                376000  10118.953667   347.615107
                377000  10142.465167   344.213430
                378000  10145.421333   350.989684
                379000  10140.072333   382.856048
                380000  10177.424833   386.227062
                381000  10208.288667   354.878409
                382000  10174.542167   364.486792
                383000  10187.487167   373.455876
                384000  10169.078167   410.832734
                385000  10203.418667   400.962800
                386000  10207.591500   410.678459
                387000  10183.655667   432.776199
                388000  10189.133667   446.127376
                389000  10165.989333   459.555023
                390000  10145.079833   500.284746
                391000  10150.317667   500.541498
                392000  10143.270333   500.483395
                393000  10130.662333   490.118977
                394000  10089.017667   495.861426
                395000  10048.555167   506.557540
                396000  10031.725333   510.145234
                397000   9994.502667   545.697208
                398000   9999.249667   545.501712
                399000  10002.566833   516.711520
                400000   9923.019667   561.065955
                401000   9903.996667   578.437164
                402000   9895.675500   575.825202
                403000   9881.418500   571.389362
                404000   9903.723833   523.521734
                405000   9774.404833   691.425291
                406000   9672.454667   805.825903
                407000   9658.482333   826.474798
                408000   9525.326667   995.844720
                409000   9494.152000  1033.007605
                410000   9364.524500  1165.237569
                411000   9362.646167  1165.637839
                412000   9330.863167  1168.206618
                413000   9321.683000  1193.214942
                414000   9333.153167  1200.932369
                415000   9370.867000  1190.999451
                416000   9353.539333  1200.982946
                417000   9360.660500  1168.148438
                418000   9331.539167  1156.983093
                419000   9324.055333  1174.214138
                420000   9372.858333  1140.618759
                421000   9353.813167  1160.931012
                422000   9313.651333  1247.749475
                423000   9250.449000  1283.363393
                424000   9232.091667  1309.013595
                425000   9341.098167  1147.877748
                426000   9316.345500  1096.178262
                427000   9287.592167  1146.589597
                428000   9374.268500  1038.212107
                429000   9290.099500  1111.639836
                430000   9291.742500  1082.233199
                431000   9184.226333  1132.611974
                432000   9069.941167  1273.823413
                433000   9010.440333  1323.805955
                434000   8815.868833  1482.722155
                435000   8595.909833  1644.197083
                436000   8403.822500  1814.123417
                437000   8227.023000  1995.975238
                438000   8035.423833  2170.343726
                439000   7992.819333  2176.236387
                440000   7908.556667  2259.245264
                441000   7893.478333  2262.386958
                442000   7871.968167  2220.211018
                443000   7911.688833  2232.217580
                444000   7897.247833  2214.597032
                445000   7833.914667  2254.775684
                446000   7935.261333  2194.079638
                447000   8012.609500  2112.414146
                448000   8035.200667  2060.637408
                449000   8143.889333  1959.075898
                450000   8276.103667  1821.541017
                451000   8381.886667  1760.905078
                452000   8488.356333  1659.504864
                453000   8479.615833  1606.407170
                454000   8686.518500  1465.199603
                455000   8862.857333  1334.549745
                456000   9038.282167  1152.036869
                457000   9052.405167  1193.397368
                458000   9083.289500  1250.868378
                459000   8968.788167  1450.440465
                460000   8925.144000  1562.893709
                461000   8820.396500  1734.824779
                462000   8766.761167  1865.415398
                463000   8639.273667  1988.331663
                464000   8653.959667  2013.090039
                465000   8548.487500  2123.182129
                466000   8564.313167  2133.646723
                467000   8547.384000  2158.893899
                468000   8403.091500  2315.738771
                469000   8302.387167  2492.234002
                470000   8163.172000  2674.388215
                471000   7997.363833  2861.667743
                472000   7966.431500  2883.646331
                473000   8082.178333  2882.309419
                474000   8085.840833  2854.038248
                475000   8118.136667  2824.591085
                476000   8201.389333  2823.647354
                477000   8391.479667  2624.518979
                478000   8588.914667  2415.860833
                479000   8798.377167  2186.183390
                480000   8936.666333  1993.420330
                481000   9086.592333  1808.991158
                482000   9271.170667  1634.683216
                483000   9463.071000  1465.846315
                484000   9504.037167  1420.721831
                485000   9621.359333  1360.949203
                486000   9635.616833  1353.726030
                487000   9683.806333  1327.453623
                488000   9879.441833  1160.960483
                489000  10037.179167   943.675157
                490000  10237.559000   755.393210
                491000  10433.328500   596.691485
                492000  10513.924167   581.337965
                493000  10473.110167   609.170701
                494000  10478.070500   646.630715
                495000  10490.695000   640.837415
                496000  10486.879000   643.341733
                497000  10496.215500   621.019400
                498000  10530.206333   621.588884
                499000  10514.957833   647.886067
                500000  10528.091000   631.048433
                501000  10567.546833   622.860353
                502000  10525.846000   639.208640
                503000  10530.211333   646.614969
                504000  10551.497667   647.077579
                505000  10599.851333   589.991404
                506000  10600.956333   576.898012
                507000  10600.013000   589.046991
                508000  10568.800500   622.528230
                509000  10557.111000   650.590025
                510000  10531.740333   678.817570
                511000  10512.955000   711.944234
                512000  10507.462000   688.853018
                513000  10565.634500   646.954491
                514000  10596.240833   616.379596
                515000  10613.356167   657.156635
                516000  10591.399833   690.658122
                517000  10612.365333   694.112451
                518000  10601.972167   679.671337
                519000  10612.489000   662.665348
                520000  10616.930667   679.983089
                521000  10584.471000   693.143866
                522000  10597.950167   677.704301
                523000  10469.297000   773.681022
                524000  10297.309667  1016.788616
                525000  10279.770167  1049.209917
                526000  10302.936500  1033.322072
                527000  10291.248000  1036.763492
                528000  10335.090167  1010.797113
                529000  10312.020333   989.506392
                530000  10346.472167   957.529217
                531000  10359.995833   900.016775
                532000  10389.303000   880.358553
                533000  10344.171667   887.180226
                534000  10197.799167  1021.512791
                535000  10166.826500  1009.990445
                536000  10027.781833  1176.900269
                537000   9863.281500  1374.446295
                538000   9721.221500  1565.527174
                539000   9540.973667  1768.126277
                540000   9394.031167  1973.431789
                541000   9280.406500  2152.116731
                542000   9177.691333  2327.029389
                543000   9264.636833  2268.183288
                544000   9412.916833  2058.657370
                545000   9477.376167  1968.563751
                546000   9483.376833  2000.035395
                547000   9496.849500  2001.943369
                548000   9477.604167  1992.867979
                549000   9539.884833  1995.319847
                550000   9496.469500  2010.324799
                551000   9424.228000  2139.430552
                552000   9434.397167  2138.508228
                553000   9428.935333  2170.953413
                554000   9585.804333  2024.214823
                555000   9610.772500  1980.730306
                556000   9803.919833  1777.628487
                557000   9983.770667  1572.624751
                558000  10134.345833  1368.599390
                559000  10321.689333  1163.928323
                560000  10478.598500   950.133892
                561000  10593.743333   756.078442
                562000  10727.264500   566.663865
                563000  10760.708333   559.919051
                564000  10805.440167   521.458647
                565000  10804.889167   532.877100
                566000  10824.415167   522.462962
                567000  10760.668000   604.422860
                568000  10722.064667   624.571530
                569000  10676.068333   659.897812
                570000  10692.400833   656.779114
                571000  10784.443667   516.702567
                572000  10782.973333   513.500026
                573000  10794.000333   534.841336
                574000  10789.131333   545.329243
                575000  10759.607667   585.821784
                576000  10730.480333   600.998365
                577000  10699.876000   599.740363
                578000  10681.809333   621.381122
                579000  10695.614500   621.998649
                580000  10703.478000   643.337519
                581000  10710.861667   645.885798
                582000  10716.026500   648.594166
                583000  10745.091833   603.456649
                584000  10712.068167   626.044450
                585000  10689.614167   629.833907
                586000  10625.663333   672.331546
                587000  10684.820333   603.724326
                588000  10733.597167   587.198781
                589000  10764.847667   563.966282
                590000  10781.651833   577.576572
                591000  10800.296167   577.751853
                592000  10778.927833   582.988343
                593000  10817.608667   520.938767
                594000  10784.775167   566.841832
                595000  10859.252500   528.995697
                596000  10846.651833   534.205027
                597000  10840.084500   586.893571
                598000  10839.950500   586.455745
                599000  10838.426833   574.668647
                600000  10859.235667   549.304294
                601000  10861.030000   556.138277
                602000  10841.190667   560.862874
                603000  10847.089500   567.838333
                604000  10861.363333   556.699630
                605000  10883.240000   560.907715
                606000  10939.915667   508.352650
                607000  10978.215333   469.585749
                608000  11008.141500   456.247984
                609000  10999.719833   457.543717
                610000  11007.415000   434.270380
                611000  10986.595167   452.494238
                612000  10975.730667   455.241154
                613000  10972.052500   468.699042
                614000  10987.656000   427.499480
                615000  10974.964333   441.231872
                616000  11012.043667   424.043424
                617000  11045.460833   375.000019
                618000  11074.399000   352.498508
                619000  11060.374833   377.492282
                620000  11024.369500   403.797381
                621000  11066.182833   386.854753
                622000  11070.899667   395.118900
                623000  11040.103500   427.737692
                624000  11016.501667   450.349858
                625000  11016.299333   460.304266
                626000  11025.795667   461.861270
                627000  10993.978500   488.415788
                628000  10952.237167   508.483600
                629000  10962.694833   489.130900
                630000  10965.323000   491.446683
                631000  10947.135000   516.269680
                632000  10978.664167   515.813832
                633000  10963.641000   516.964921
                634000  10982.064667   505.462416
                635000  10973.767833   496.063540
                636000  10964.383833   485.520015
                637000  10906.808833   549.430785
                638000  10903.568000   556.783051
                639000  10887.619000   558.681584
                640000  10925.659167   544.946970
                641000  10906.227500   558.771672
                642000  10941.416000   531.541245
                643000  10975.879833   497.504952
                644000  11009.048833   502.232901
                645000  11045.228500   474.667486
                646000  11043.967833   468.447985
                647000  11078.014500   451.430310
                648000  11092.649833   440.243477
                649000  11096.780167   463.738007
                650000  11083.923000   471.454583
                651000  11124.392500   429.765676
                652000  11115.848500   439.797655
                653000  11110.349833   463.839780
                654000  11096.146333   481.374515
                655000  11071.622000   509.630783
                656000  11060.611167   526.367042
                657000  11121.636833   460.471981
                658000  11076.214167   519.553098
                659000  11094.396333   504.448172
                660000  11076.412333   480.132159
                661000  11070.050667   462.801288
                662000  11070.105167   471.760991
                663000  11036.849667   469.991461
                664000  11038.647500   441.002089
                665000  11030.428667   441.352679
                666000  11030.403167   437.289465
                667000  11021.374000   422.435337
                668000  11013.141333   445.979801
                669000  11006.763833   435.652737
                670000  11004.246000   434.620320
                671000  10979.638167   450.559000
                672000  10955.044500   439.020467
                673000  10986.830000   419.703357
                674000  10997.338000   426.990255
                675000  11001.811000   406.333703
                676000  11029.209000   396.597240
                677000  11018.289167   397.420090
                678000  11068.036500   339.816563
                679000  11085.371833   346.140571
                680000  11086.194833   380.535771
                681000  11094.095833   388.981967
                682000  11072.016667   381.891915
                683000  11075.683000   393.337720
                684000  11064.567167   396.580859
                685000  11031.288667   416.426530
                686000  11021.482333   432.761683
                687000  11019.231000   447.465048
                688000  11028.922000   425.971372
                689000  10895.072833   613.352059
                690000  10879.804333   640.890801
                691000  10854.556167   671.261512
                692000  10867.874333   677.528000
                693000  10869.265833   666.108125
                694000  10838.355167   665.365496
                695000  10833.413667   721.983567
                696000  10775.351833   780.377944
                697000  10688.066333   913.725293
                698000  10640.693500   966.158193
                699000  10463.342500  1210.294149
                700000  10282.123667  1451.306563
                701000  10125.213333  1663.449340
                702000   9940.526333  1932.775961
                703000   9752.771167  2156.628292
                704000   9540.291667  2392.065589
                705000   9384.405000  2634.936209
                706000   9214.573000  2867.765737
                707000   9118.986167  2997.204908
                708000   8996.818667  3124.485758
                709000   8854.039167  3160.967656
                710000   8578.735000  3358.396259
                711000   8378.089167  3545.744459
                712000   8187.069167  3777.897942
                713000   7968.810000  4022.244403
                714000   7835.399000  4194.687337
                715000   7814.030833  4166.429309
                716000   7782.139667  4197.075923
                717000   7842.436667  4087.877503
                718000   7885.985833  4045.078862
                719000   7980.135000  3885.717957
                720000   8158.676333  3619.562844
                721000   8303.426667  3398.753091
                722000   8489.714167  3168.162170
                723000   8694.547000  2936.201083
                724000   8887.909000  2730.996957
                725000   9036.456833  2476.599749
                726000   9195.811500  2253.240337
                727000   9271.917667  2135.190260
                728000   9406.357667  2004.012869
                729000   9683.252667  1781.145993
                730000   9991.870667  1551.714031
                731000  10242.795500  1325.456734
                732000  10435.362500  1106.307865
                733000  10658.911667   862.085382
                734000  10815.585667   685.497489
                735000  10890.242500   660.858343
                736000  10968.606500   572.848834
                737000  10996.515500   565.346685
                738000  10985.777167   569.826612
                739000  11040.592667   518.393606
                740000  11057.156333   527.860551
                741000  11048.811167   557.575204
                742000  11054.241000   531.587900
                743000  11046.628667   539.197023
                744000  11075.920333   534.150743
                745000  11085.573000   534.763176
                746000  11107.556500   533.799318
                747000  11120.441667   524.068341
                748000  11099.840000   537.978966
                749000  11094.360000   553.961833
                750000  11076.388500   566.268686
                751000  11063.598000   569.105387
                752000  11074.022667   557.898361
                753000  11047.379833   578.684662
                754000  11030.165500   580.115767
                755000  10992.809500   587.209526
                756000  10977.421667   606.071603
                757000  10947.416333   622.648279
                758000  10951.649167   626.664906
                759000  10957.862500   608.375987
                760000  10944.888167   629.040526
                761000  10936.548333   630.921070
                762000  10906.221000   666.122301
                763000  10871.226833   668.486053
                764000  10845.004500   650.067767
                765000  10829.221167   689.645637
                766000  10787.790333   684.081114
                767000  10755.446833   690.147615
                768000  10751.442000   690.323640
                769000  10758.417333   696.428363
                770000  10669.127333   773.314967
                771000  10642.409000   792.420756
                772000  10613.757833   794.763991
                773000  10610.088333   791.461458
                774000  10626.716833   801.526295
                775000  10402.193833   972.154269
                776000  10255.931833  1093.615905
                777000  10156.721167  1203.202300
                778000  10043.160333  1347.478601
                779000   9831.676500  1487.669634
                780000   9572.622000  1667.219027
                781000   9457.518333  1781.241179
                782000   9262.894500  1917.562090
                783000   9044.550833  2088.396142
                784000   8927.982833  2269.841725
                785000   8686.087333  2435.656707
                786000   8574.479167  2602.919738
                787000   8441.053000  2768.223490
                788000   8316.938500  2955.430338
                789000   8175.024000  3139.388240
                790000   8150.050833  3156.997367
                791000   8188.431667  3129.603893
                792000   8219.434833  3145.667816
                793000   8247.369667  3115.454280
                794000   8178.556333  3156.228607
                795000   8439.696833  2966.997691
                796000   8595.406667  2822.773421
                797000   8702.000333  2672.140477
                798000   8839.140833  2507.950911
                799000   9068.603000  2376.875851
                800000   9351.005500  2175.497272
                801000   9513.898167  2028.398750
                802000   9728.099333  1889.039736
                803000   9910.791167  1781.473486
                804000  10014.244667  1634.434642
                805000  10283.432167  1446.652034
                806000  10407.280333  1296.899806
                807000  10544.562500  1171.495503
                808000  10691.882333   996.968428
                809000  10846.805500   783.495350
                810000  10969.290000   678.168823
                811000  10973.725500   704.188101
                812000  10986.473833   679.197097
                813000  10971.926500   707.899285
                814000  11054.778167   640.513695
                815000  11031.640000   641.606038
                816000  11029.766667   673.895065
                817000  11073.651833   686.188715
                818000  11056.398500   704.145918
                819000  11067.168667   682.340681
                820000  11036.883833   690.275013
                821000  10994.875000   713.560685
                822000  11011.033833   693.405202
                823000  11090.926333   629.026757
                824000  11147.488000   575.312859
                825000  11168.100167   555.888362
                826000  11215.039333   534.926133
                827000  11264.553833   484.768465
                828000  11273.402833   460.138830
                829000  11284.118167   472.313358
                830000  11281.221667   476.970858
                831000  11271.248833   451.444389
                832000  11278.811500   449.601215
                833000  11303.197167   424.272568
                834000  11257.047000   498.052335
                835000  11280.112500   502.478635
                836000  11258.571333   497.751980
                837000  11214.051333   544.853215
                838000  11211.835000   536.697137
                839000  11186.040167   543.891813
                840000  11223.484667   526.242100
                841000  11263.684167   518.543630
                842000  11283.388333   491.910441
                843000  11303.676167   479.098414
                844000  11290.585000   490.328807
                845000  11293.545000   511.665053
                846000  11294.083667   505.348278
                847000  11309.159833   506.596819
                848000  11338.157167   502.561509
                849000  11332.049167   491.268106
                850000  11265.187833   576.778974
                851000  11289.752000   571.616997
                852000  11304.340167   551.425993
                853000  11279.992500   553.078960
                854000  11316.458333   486.238473
                855000  11332.204000   477.140738
                856000  11361.722000   453.541731
                857000  11406.081833   404.701424
                858000  11429.615500   418.794463
                859000  11461.911167   389.602386
                860000  11459.864333   399.700110
                861000  11474.581167   404.853636
                862000  11458.432500   412.389202
                863000  11453.913833   401.853596
                864000  11467.395000   408.971676
                865000  11484.807167   383.456880
                866000  11433.522000   449.398537
                867000  11410.539667   458.721410
                868000  11372.105500   484.972710
                869000  11330.012333   556.703972
                870000  11403.529833   484.294978
                871000  11411.090500   493.077135
                872000  11417.207333   496.900134
                873000  11434.031500   504.667372
                874000  11470.627500   487.204666
                875000  11452.220333   510.881915
                876000  11466.958667   503.867274
                877000  11471.538167   503.037715
                878000  11478.740000   484.758591
                879000  11457.724333   524.348789
                880000  11471.348333   520.693872
                881000  11438.378333   504.250890
                882000  11466.794167   497.727941
                883000  11465.843333   511.525997
                884000  11477.194667   500.199890
                885000  11466.242833   512.734932
                886000  11509.618167   462.479316
                887000  11546.411333   445.506504
                888000  11584.430833   418.009047
                889000  11643.638833   352.155254
                890000  11654.668000   339.265823
                891000  11654.857667   321.841604
                892000  11644.795667   341.986061
                893000  11661.218667   334.032850
                894000  11666.936833   350.748793
                895000  11690.685833   336.957288
                896000  11669.404000   369.048275
                897000  11676.346667   359.462822
                898000  11661.510833   367.441535
                899000  11683.339000   342.678568
                900000  11676.172000   335.875637
                901000  11701.927667   342.919836
                902000  11690.083000   345.298099
                903000  11690.855500   347.884244
                904000  11679.085333   336.648341
                905000  11699.629167   323.464204
                906000  11699.173000   306.627594
                907000  11687.704333   320.803117
                908000  11663.501333   335.128710
                909000  11655.343167   320.573058
                910000  11680.537667   315.115132
                911000  11663.038833   355.091365
                912000  11655.926667   345.579209
                913000  11619.358667   361.923285
                914000  11617.426167   350.013404
                915000  11615.540667   345.048647
                916000  11649.980000   323.625280
                917000  11632.530500   331.578898
                918000  11647.604333   320.646336
                919000  11653.374833   321.385089
                920000  11660.388667   311.624787
                921000  11646.008167   348.428761
                922000  11455.165333   575.184192
                923000  11448.332667   573.105862
                924000  11288.829667   817.517015
                925000  11252.944833   842.868829
                926000  11092.570333  1045.649842
                927000  11088.604500  1041.391614
                928000  11083.322000  1044.804505
                929000  11080.693667  1047.248326
                930000  11052.689167  1076.512908
                931000  11038.010167  1064.289112
                932000  11051.272833  1051.947370
                933000  11049.269000  1064.835067
                934000  11061.713333  1068.013388
                935000  11082.615000  1057.022909
                936000  11085.108000  1050.819332
                937000  11086.481333  1057.701379
                938000  11083.305000  1073.826723
                939000  11060.358833  1094.221785
                940000  11070.926500  1098.851785
                941000  11084.888167  1053.111906
                942000  11186.597833   956.829913
                943000  11208.011500   951.149527
                944000  11333.624833   752.630513
                945000  11364.857000   736.338233
                946000  11548.378333   522.899225
                947000  11550.967667   513.573513
                948000  11534.714667   525.725288
                949000  11556.869333   542.538399
                950000  11545.336000   537.947422
                951000  11585.421333   518.568075
                952000  11592.734167   524.540196
                953000  11631.203167   503.841357
                954000  11572.579167   541.397515
                955000  11550.963000   574.258062
                956000  11547.018167   576.048064
                957000  11559.244167   569.028863
                958000  11563.904000   543.946914
                959000  11600.671833   510.088476
                960000  11591.044000   516.317750
                961000  11610.450167   507.506529
                962000  11704.193333   379.737539
                963000  11718.915833   380.344494
                964000  11767.059333   334.359907
                965000  11776.066667   321.291798
                966000  11780.469833   330.597249
                967000  11745.649000   353.323728
                968000  11760.779333   334.888349
                969000  11745.428333   327.612702
                970000  11787.057833   298.081118
                971000  11792.049500   291.050705
                972000  11808.186167   288.204174
                973000  11819.929000   285.397661
                974000  11869.242167   251.523913
                975000  11866.616500   235.331093
                976000  11853.203000   246.948979
                977000  11830.031333   243.026136
                978000  11817.506000   277.343247
                979000  11818.522333   293.270720
                980000  11837.394833   295.060889
                981000  11828.451000   307.117142
                982000  11839.484167   310.341981
                983000  11835.577500   303.252683
                984000  11851.654000   306.290899
                985000  11830.696000   319.345423
                986000  11831.503167   317.188157
                987000  11852.453000   315.725573
                988000  11871.188500   325.961010
                989000  11887.065000   335.025490
                990000  11888.428833   339.170208
                991000  11883.253167   353.902609
                992000  11855.829167   367.082537
                993000  11837.672000   359.705878
                994000  11812.992667   381.716971
                995000  11807.121667   375.990413
                996000  11840.980333   367.991527
                997000  11843.342167   401.705046
                998000  11873.098667   379.417307
                999000  11874.479500   371.973401
               1000000  11854.010167   390.931320