 Environment Timesteps  Return Mean  Return Std
                     0   288.049333  147.237110
                  1000   336.504167  192.556321
                  2000   383.891167  228.626987
                  3000   426.386833  254.805410
                  4000   425.884167  258.560250
                  5000   447.455000  268.298038
                  6000   458.841167  268.018739
                  7000   480.612167  283.800914
                  8000   495.979333  306.407671
                  9000   533.811833  352.082113
                 10000   565.224667  353.260617
                 11000   616.569667  391.802646
                 12000   651.844500  414.921376
                 13000   675.308833  421.591157
                 14000   741.590667  458.075341
                 15000   790.575833  504.907028
                 16000   841.551833  539.027399
                 17000   937.389667  582.181534
                 18000   998.287333  558.626291
                 19000  1080.344833  586.671573
                 20000  1121.949333  576.110010
                 21000  1161.414500  579.921730
                 22000  1225.919000  590.244304
                 23000  1224.049500  588.943319
                 24000  1259.318333  609.415454
                 25000  1327.908500  657.890074
                 26000  1402.069667  688.607593
                 27000  1439.156500  725.817077
                 28000  1506.965167  729.109366
                 29000  1564.574000  712.044741
                 30000  1597.320333  744.139442
                 31000  1598.029000  704.959697
                 32000  1635.591167  690.170558
                 33000  1697.908833  725.957633
                 34000  1720.410833  730.863021
                 35000  1806.553833  691.729070
                 36000  1861.238333  687.987187
                 37000  1899.290833  648.793344
                 38000  1941.027667  631.913490
                 39000  1985.883167  593.165349
                 40000  2031.170500  591.367791
                 41000  2057.683667  589.291555
                 42000  2069.528500  588.512876
                 43000  2188.861667  565.244655
                 44000  2299.120667  550.359459
                 45000  2292.261333  504.900274
                 46000  2356.235667  484.924297
                 47000  2414.350333  485.544235
                 48000  2419.429667  504.471951
                 49000  2418.686500  514.358037
                 50000  2429.544500  519.308604
                 51000  2533.897833  520.447182
                 52000  2605.660500  525.997300
                 53000  2675.533333  487.107781
                 54000  2648.370500  506.175205
                 55000  2666.340500  507.270606
                 56000  2645.549333  525.495543
                 57000  2630.754167  561.349217
                 58000  2622.461167  585.680656
                 59000  2644.794333  585.272538
                 60000  2638.595000  601.630522
                 61000  2679.484833  571.794086
                 62000  2683.399500  581.052193
                 63000  2672.106000  594.902007
                 64000  2642.044000  634.722652
                 65000  2674.309000  674.057576
                 66000  2661.628500  700.764633
                 67000  2628.549333  694.504038
                 68000  2660.703000  703.778580
                 69000  2692.278167  693.798697
                 70000  2749.446667  680.756688
                 71000  2667.227500  740.790716
                 72000  2680.269500  731.693216
                 73000  2649.073833  776.360692
                 74000  2708.485000  771.189378
                 75000  2715.346833  763.173859
                 76000  2784.651833  715.895119
                 77000  2779.961833  731.550521
                 78000  2774.227000  753.093298
                 79000  2770.943167  759.133326
                 80000  2813.514500  714.596092
                 81000  2822.271833  702.964540
                 82000  2860.452833  652.973659
                 83000  2881.046167  643.827407
                 84000  2894.541667  640.681011
                 85000  2939.728167  591.939732
                 86000  2905.447167  597.830518
                 87000  2982.998833  553.173377
                 88000  3014.913167  505.361108
                 89000  3043.267833  482.056047
                 90000  3070.518167  457.724168
                 91000  3071.199833  454.765424
                 92000  3047.055167  488.897348
                 93000  3082.013167  439.160725
                 94000  3115.014000  384.253328
                 95000  3107.904500  389.883664
                 96000  3041.618167  439.386543
                 97000  3037.376167  444.268214
                 98000  3022.653833  471.223174
                 99000  3027.698000  464.733804
                100000  3033.404167  466.772329
                101000  2994.762500  518.418856
                102000  2993.730500  517.861294
                103000  2984.270500  526.880675
                104000  2977.680500  530.300777
                105000  2982.500833  524.391199
                106000  3047.753833  478.151026
                107000  3052.011500  473.520639
                108000  3058.943000  467.485394
                109000  3061.840667  466.847764
                110000  2991.873667  530.863790
                111000  3024.674000  545.816568
                112000  3043.765667  518.164436
                113000  3031.052833  531.809390
                114000  2989.533333  595.938546
                115000  2996.409333  592.688264
                116000  3069.672000  542.940140
                117000  3117.992833  479.913212
                118000  3171.947167  400.655191
                119000  3172.316333  401.634723
                120000  3176.997000  398.982161
                121000  3199.936167  372.823491
                122000  3202.830667  374.648926
                123000  3215.434833  363.250530
                124000  3259.352833  313.548648
                125000  3261.608167  313.928832
                126000  3261.543000  314.784230
                127000  3259.623000  315.915061
                128000  3259.976833  313.667096
                129000  3265.064667  308.500744
                130000  3339.244833  240.852603
                131000  3396.427000  165.998483
                132000  3405.909000  154.340766
                133000  3419.671167  142.015479
                134000  3464.534833   77.006563
                135000  3464.153167   72.888434
                136000  3460.771500   75.678331
                137000  3398.332667  151.515768
                138000  3363.144667  195.424649
                139000  3317.987167  249.806948
                140000  3270.680333  305.038158
                141000  3254.109667  331.539360
                142000  3216.747000  383.249502
                143000  3178.479833  438.082692
                144000  3166.302000  451.185119
                145000  3165.106167  451.639507
                146000  3168.996167  450.421997
                147000  3172.387167  449.489529
                148000  3173.250500  450.335042
                149000  3171.421667  451.945808
                150000  3157.251000  463.997280
                151000  3127.913500  500.773111
                152000  3115.514500  510.915254
                153000  3058.233167  549.487601
                154000  3013.677500  615.243733
                155000  3001.770667  633.033468
                156000  3005.514000  628.340034
                157000  3067.323000  550.541124
                158000  3104.341833  506.255139
                159000  3149.406333  450.512390
                160000  3196.416167  397.187085
                161000  3202.637000  392.134444
                162000  3242.261833  338.057154
                163000  3269.819667  295.695813
                164000  3273.026833  295.618916
                165000  3269.530167  298.187301
                166000  3213.011500  379.563676
                167000  3211.626333  379.394735
                168000  3212.454167  379.016722
                169000  3214.528833  377.366631
                170000  3228.887167  365.017336
                171000  3254.711833  331.530049
                172000  3264.673833  322.971855
                173000  3322.659667  283.836114
                174000  3370.473500  219.667058
                175000  3383.865667  202.065620
                176000  3382.954500  203.386620
                177000  3381.834000  204.034642
                178000  3332.599833  270.933227
                179000  3332.686667  271.801642
                180000  3329.465667  271.034902
                181000  3360.760333  220.811858
                182000  3356.845000  218.699981
                183000  3367.014333  203.059424
                184000  3370.706833  190.887086
                185000  3362.619000  196.204167
                186000  3412.848000  119.328566
                187000  3362.317000  186.219282
                188000  3357.466667  185.263916
                189000  3354.112500  185.929553
                190000  3335.177500  211.094843
                191000  3319.091667  231.481568
                192000  3317.726667  229.658270
                193000  3316.818667  231.294255
                194000  3314.180500  231.199752
                195000  3313.101500  232.535342
                196000  3313.701333  231.376653
                197000  3308.602500  240.245040
                198000  3352.648500  174.506977
                199000  3352.096167  174.807336
                200000  3353.759333  174.075982
                201000  3359.240167  172.052302
                202000  3361.325667  172.284059
                203000  3360.528167  173.619215
                204000  3363.122667  173.935200
                205000  3372.116000  166.505853
                206000  3375.413667  161.298084
                207000  3421.943167   95.446344
                208000  3371.424667  163.446930
                209000  3374.085000  163.513346
                210000  3394.682000  140.013247
                211000  3414.773667  117.168320
                212000  3363.697000  192.910647
                213000  3361.348667  193.999500
                214000  3362.028333  194.459374
                215000  3357.633833  193.905248
                216000  3355.880167  196.586757
                217000  3361.781833  189.958109
                218000  3365.315167  187.763467
                219000  3327.717000  236.540165
                220000  3325.668667  237.330962
                221000  3321.438000  243.276595
                222000  3321.931500  244.040822
                223000  3318.372167  243.858439
                224000  3316.441500  244.609669
                225000  3315.445000  247.487140
                226000  3316.712167  247.907088
                227000  3322.130000  246.770729
                228000  3369.907333  190.346819
                229000  3365.467000  195.630850
                230000  3359.237500  200.609624
                231000  3304.220333  271.078768
                232000  3309.678000  257.029390
                233000  3290.137333  276.007566
                234000  3285.607667  281.112970
                235000  3273.617167  297.783925
                236000  3266.435667  307.706605
                237000  3264.676000  306.756079
                238000  3263.237333  307.912815
                239000  3301.889500  259.307618
                240000  3300.489833  262.029792
                241000  3299.708167  257.925177
                242000  3298.208167  258.844537
                243000  3301.587833  259.230682
                244000  3302.649167  258.083977
                245000  3302.538833  252.499504
                246000  3302.398667  251.866572
                247000  3299.245500  250.540829
                248000  3268.536833  290.183796
                249000  3274.029833  285.996349
                250000  3275.835833  280.865908
                251000  3330.069833  210.319944
                252000  3377.326833  149.212651
                253000  3399.765833  131.207726
                254000  3404.612833  124.713917
                255000  3423.888833  108.341503
                256000  3431.191000   97.054899
                257000  3434.193167   96.978003
                258000  3436.804333   95.309367
                259000  3433.930667   96.854202
                260000  3381.581167  172.014516
                261000  3328.442833  248.526584
                262000  3328.111833  249.016424
                263000  3275.702167  324.713862
                264000  3276.040667  323.296715
                265000  3271.815000  331.467395
                266000  3271.391500  333.135027
                267000  3272.738000  332.976721
                268000  3310.443333  282.635444
                269000  3310.877333  282.211562
                270000  3314.619667  280.857493
                271000  3314.208667  280.044244
                272000  3315.055333  278.873079
                273000  3309.968333  282.835755
                274000  3310.100500  282.099942
                275000  3308.952833  281.032020
                276000  3311.073333  280.231667
                277000  3307.708167  281.770204
                278000  3307.201500  282.217195
                279000  3308.360500  281.214186
                280000  3363.058333  202.422095
                281000  3370.267833  196.196358
                282000  3374.734500  191.961565
                283000  3391.060667  166.939821
                284000  3392.420500  168.472936
                285000  3395.499167  163.803354
                286000  3394.710000  162.236014
                287000  3393.036333  165.400550
                288000  3387.675167  165.779478
                289000  3386.396833  165.515863
                290000  3386.273667  166.187164
                291000  3385.261833  167.834494
                292000  3385.281167  167.677913
                293000  3334.003000  239.579320
                294000  3277.964833  321.908942
                295000  3276.870667  322.384697
                296000  3277.180000  323.721520
                297000  3260.634167  350.689616
                298000  3261.265000  353.340261
                299000  3244.699333  372.958989
                300000  3244.980333  372.119651
                301000  3293.809833  303.178607
                302000  3269.536500  336.338818
                303000  3309.126000  284.224217
                304000  3310.030833  283.456585
                305000  3260.063500  340.557952
                306000  3215.043667  401.010653
                307000  3204.931667  412.210684
                308000  3203.826333  417.330850
                309000  3203.919833  417.097858
                310000  3200.891833  417.738464
                311000  3199.478167  416.618526
                312000  3196.771000  418.186022
                313000  3249.482333  343.097414
                314000  3305.500667  262.727666
                315000  3305.333333  262.199663
                316000  3252.946000  335.394599
                317000  3273.121500  305.207723
                318000  3274.071167  304.923434
                319000  3291.765000  285.855913
                320000  3292.209500  286.532996
                321000  3290.453500  284.465676
                322000  3310.440667  255.193960
                323000  3308.212667  256.121769
                324000  3305.974833  257.265012
                325000  3355.722667  198.358085
                326000  3399.269167  142.927632
                327000  3409.245167  132.909962
                328000  3415.056500  128.820198
                329000  3412.935000  128.598783
                330000  3414.138667  128.405735
                331000  3413.603167  128.595797
                332000  3417.055167  127.048853
                333000  3418.676333  123.429619
                334000  3419.736667  122.080048
                335000  3419.709667  123.784153
                336000  3470.886667   52.690616
                337000  3470.858833   53.633259
                338000  3469.887167   51.583343
                339000  3468.911667   50.164378
                340000  3468.313333   51.893595
                341000  3470.923667   51.509655
                342000  3472.268000   48.476361
                343000  3472.424000   49.045484
                344000  3471.860333   50.272490
                345000  3471.997000   52.117527
                346000  3473.563500   47.296166
                347000  3474.996333   43.583131
                348000  3470.516833   44.208712
                349000  3470.355333   43.869558
                350000  3472.007000   43.888239
                351000  3475.299167   42.944480
                352000  3473.157667   46.325604
                353000  3475.185167   48.672082
                354000  3476.144500   51.013154
                355000  3477.333667   51.210665
                356000  3477.988833   46.995823
                357000  3475.538167   46.614358
                358000  3473.701667   46.555407
                359000  3473.890000   46.792417
                360000  3474.485833   47.639326
                361000  3473.308667   46.587836
                362000  3472.475167   47.583925
                363000  3469.789333   45.381141
                364000  3469.215000   42.931522
                365000  3470.409000   39.853360
                366000  3468.146000   39.801034
                367000  3466.862833   40.894376
                368000  3472.238333   38.102622
                369000  3473.521167   38.095982
                370000  3473.110667   39.009224
                371000  3473.405500   40.922615
                372000  3473.897000   40.666189
                373000  3474.731833   37.865398
                374000  3472.380833   37.942723
                375000  3470.913167   37.816774
                376000  3472.279167   38.641005
                377000  3475.186167   38.029025
                378000  3476.309667   38.039950
                379000  3477.807833   38.066798
                380000  3451.724500   70.391885
                381000  3410.225167  128.522871
                382000  3414.173333  127.854243
                383000  3419.327500  128.499474
                384000  3416.834500  135.098092
                385000  3417.239833  134.545287
                386000  3378.428833  192.074213
                387000  3337.976833  249.065515
                388000  3294.587667  307.253337
                389000  3295.820167  306.935182
                390000  3297.038167  305.440380
                391000  3296.377667  304.950895
                392000  3298.003000  301.949368
                393000  3298.093500  300.936850
                394000  3298.377167  298.735677
                395000  3298.703667  297.182942
                396000  3296.404833  299.072787
                397000  3295.327167  299.434844
                398000  3296.358000  300.446799
                399000  3295.890833  300.559450
                400000  3322.615333  266.724947
                401000  3363.232167  212.243867
                402000  3324.154000  259.953423
                403000  3321.964833  260.371833
                404000  3273.604500  325.062450
                405000  3272.220667  328.265115
                406000  3312.285667  272.462959
                407000  3351.490833  217.346999
                408000  3385.933333  170.881688
                409000  3381.900667  171.837178
                410000  3381.702000  173.659091
                411000  3380.759833  175.319115
                412000  3382.825167  174.975899
                413000  3384.285000  174.073330
                414000  3385.195833  174.233821
                415000  3388.314833  174.307771
                416000  3388.813667  173.672346
                417000  3382.914833  179.779744
                418000  3382.189667  179.363624
                419000  3381.623000  178.763172
                420000  3334.665667  248.252699
                421000  3337.097333  245.613524
                422000  3377.013500  197.765912
                423000  3377.222500  196.735383
                424000  3431.555000  125.670762
                425000  3329.510000  195.642092
                426000  3275.215833  273.668252
                427000  3279.648667  271.282981
                428000  3286.444167  259.524258
                429000  3292.327833  258.978878
                430000  3277.129833  274.987742
                431000  3276.581333  272.701926
                432000  3239.968833  319.452743
                433000  3234.377667  321.336301
                434000  3229.807833  326.943661
                435000  3221.144333  337.590928
                436000  3216.356333  343.826570
                437000  3218.791333  339.396216
                438000  3219.211667  339.804812
                439000  3218.610833  340.860680
                440000  3265.490333  270.759597
                441000  3266.720667  270.898216
                442000  3261.627833  273.823169
                443000  3261.860167  274.335229
                444000  3258.283333  276.071393
                445000  3358.985833  209.844356
                446000  3410.661000  136.379343
                447000  3381.390833  167.661425
                448000  3381.183667  172.580834
                449000  3378.246833  175.462602
                450000  3391.457000  162.598938
                451000  3392.217333  163.624235
                452000  3423.820000  120.185880
                453000  3423.049333  119.951615
                454000  3429.978667  116.204700
                455000  3397.208167  161.021835
                456000  3386.897167  178.970293
                457000  3328.213333  228.924722
                458000  3268.936333  271.567454
                459000  3242.007000  293.517752
                460000  3241.953500  294.159869
                461000  3237.263500  293.752806
                462000  3236.495000  291.755528
                463000  3235.003667  293.176476
                464000  3237.194167  293.168616
                465000  3241.877167  287.339550
                466000  3245.165500  286.308613
                467000  3218.788167  331.839311
                468000  3221.051667  327.518287
                469000  3222.439000  324.409677
                470000  3223.824333  320.518359
                471000  3225.641667  319.843284
                472000  3176.721333  392.556066
                473000  3181.426833  393.026911
                474000  3180.049500  391.792566
                475000  3218.022000  337.352984
                476000  3234.648500  311.293147
                477000  3294.285333  259.569733
                478000  3348.617667  215.051052
                479000  3323.945500  261.806305
                480000  3318.347333  261.999696
                481000  3265.110833  337.615290
                482000  3264.875833  341.973146
                483000  3257.747333  349.501352
                484000  3250.478833  355.220972
                485000  3239.447833  364.470147
                486000  3210.157500  395.247632
                487000  3265.506667  317.111867
                488000  3236.813500  353.593478
                489000  3236.315000  356.431466
                490000  3236.489833  356.980004
                491000  3236.786667  357.507938
                492000  3286.881833  284.933736
                493000  3284.848500  283.724247
                494000  3282.661667  282.307241
                495000  3281.514500  280.890942
                496000  3280.137333  283.056394
                497000  3278.700667  283.191228
                498000  3280.564500  283.416817
                499000  3327.857333  216.113213
                500000  3331.445833  216.467557