 Environment Timesteps  Return Mean  Return Std
                     0   208.501333   32.172261
                  1000   217.674667   33.088508
                  2000   226.316667   33.345916
                  3000   233.095000   31.884787
                  4000   234.965500   33.143804
                  5000   234.067833   34.885376
                  6000   240.022333   36.826566
                  7000   245.954167   42.926814
                  8000   264.240333   52.416355
                  9000   266.586167   58.697643
                 10000   264.682500   64.017826
                 11000   263.204667   64.011095
                 12000   320.839167   94.336608
                 13000   385.101000  127.959130
                 14000   458.459833  168.186085
                 15000   491.961667  174.816445
                 16000   523.110500  194.535701
                 17000   546.512167  208.080924
                 18000   593.820000  236.219271
                 19000   660.438333  286.719794
                 20000   710.791500  334.656219
                 21000   760.533333  368.257594
                 22000   826.114667  415.505993
                 23000   867.589833  422.582796
                 24000   958.857000  460.167130
                 25000  1045.125333  497.754854
                 26000  1125.655667  540.117245
                 27000  1221.434833  582.372608
                 28000  1282.693500  610.990535
                 29000  1322.602833  618.958987
                 30000  1402.470167  660.444301
                 31000  1454.520500  679.580292
                 32000  1459.725000  699.695381
                 33000  1499.161833  706.426952
                 34000  1509.500667  706.864963
                 35000  1580.850500  750.320882
                 36000  1664.822667  769.245596
                 37000  1755.844667  807.669056
                 38000  1855.414000  784.224427
                 39000  1935.678333  735.253712
                 40000  2033.203333  692.902438
                 41000  2130.298833  664.641739
                 42000  2178.997333  666.062060
                 43000  2260.050833  701.368091
                 44000  2300.325167  691.368065
                 45000  2292.531500  695.764488
                 46000  2316.130833  707.764959
                 47000  2331.474000  702.014646
                 48000  2373.106167  699.583242
                 49000  2402.811167  738.218390
                 50000  2453.397500  703.278565
                 51000  2504.124667  736.495843
                 52000  2508.708500  731.903615
                 53000  2518.432500  744.570672
                 54000  2547.341333  752.877672
                 55000  2543.367500  756.261612
                 56000  2577.380167  730.932565
                 57000  2580.978500  706.794413
                 58000  2510.601333  764.027182
                 59000  2479.404500  801.719420
                 60000  2448.000167  854.273751
                 61000  2426.430333  895.713789
                 62000  2435.005000  895.021564
                 63000  2428.095333  908.640053
                 64000  2394.816167  937.213913
                 65000  2471.080333  897.439645
                 66000  2511.946667  848.921287
                 67000  2548.347667  807.704522
                 68000  2577.042000  776.592418
                 69000  2657.091167  727.045147
                 70000  2679.209333  720.112652
                 71000  2727.897000  674.768040
                 72000  2809.106667  634.111722
                 73000  2849.339667  581.395434
                 74000  2888.989833  538.821677
                 75000  2943.324500  491.897012
                 76000  2951.327500  484.402659
                 77000  2992.641000  462.640705
                 78000  3058.813833  423.228583
                 79000  3097.868333  389.671636
                 80000  3138.293167  336.774349
                 81000  3162.281167  303.670795
                 82000  3194.789667  255.929243
                 83000  3235.414833  202.773495
                 84000  3283.043000  150.359245
                 85000  3270.403167  158.638978
                 86000  3243.057667  189.993700
                 87000  3242.334833  189.509787
                 88000  3249.788667  187.169587
                 89000  3256.046833  184.006111
                 90000  3263.647500  184.057831
                 91000  3270.830167  179.013783
                 92000  3277.848000  178.287182
                 93000  3239.619333  235.827800
                 94000  3246.238667  231.754553
                 95000  3249.990333  228.868497
                 96000  3256.230667  224.856288
                 97000  3257.738500  223.190820
                 98000  3244.728833  228.094588
                 99000  3252.570833  224.830241
                100000  3257.997000  220.449087
                101000  3272.111333  207.512122
                102000  3274.994667  211.081098
                103000  3279.617667  211.133800
                104000  3294.508833  209.627886
                105000  3312.032500  200.967646
                106000  3352.107500  164.011427
                107000  3360.164167  161.133521
                108000  3363.277000  157.565049
                109000  3367.628833  157.008901
                110000  3370.950833  152.356017
                111000  3373.419167  152.148729
                112000  3374.038167  151.609433
                113000  3399.580833  113.589322
                114000  3403.959500  111.762683
                115000  3406.026667  108.177289
                116000  3406.359167  107.934521
                117000  3406.267500  105.685185
                118000  3438.480333   79.811910
                119000  3431.643500   85.380583
                120000  3430.836833   84.604097
                121000  3429.891500   83.366757
                122000  3433.234500   80.341619
                123000  3433.850167   76.824605
                124000  3435.554333   73.926606
                125000  3440.333333   70.656458
                126000  3442.435000   69.009395
                127000  3445.108333   66.715313
                128000  3448.590500   65.888346
                129000  3448.835000   66.758598
                130000  3451.035167   66.179220
                131000  3452.404000   63.855170
                132000  3457.953167   58.969432
                133000  3475.959167   35.063368
                134000  3477.298333   34.220405
                135000  3398.328500   90.447724
                136000  3397.384667   91.608134
                137000  3381.025833  119.246475
                138000  3385.578500  118.367840
                139000  3382.364167  124.391916
                140000  3380.202667  129.695518
                141000  3382.056167  130.858641
                142000  3380.084833  135.479541
                143000  3376.262167  140.796737
                144000  3369.967667  149.238759
                145000  3369.774333  149.519410
                146000  3369.651833  148.285716
                147000  3368.773333  149.991236
                148000  3367.005500  153.178876
                149000  3361.430500  157.238001
                150000  3361.512833  157.657606
                151000  3358.630500  160.428471
                152000  3358.618667  160.970797
                153000  3359.862500  161.917408
                154000  3358.287500  162.696461
                155000  3441.040000  107.561497
                156000  3444.264833  105.079396
                157000  3446.083833  100.163579
                158000  3445.645000  102.786213
                159000  3456.245000   91.088473
                160000  3447.718500  104.298416
                161000  3449.147667  103.274201
                162000  3454.708833   99.798995
                163000  3460.337000   94.893908
                164000  3457.979667   98.649150
                165000  3459.259167   97.487554
                166000  3458.778167   99.314215
                167000  3460.002333   98.134386
                168000  3459.680500   97.145538
                169000  3437.786667  127.807211
                170000  3437.336500  129.742731
                171000  3439.548500  128.729346
                172000  3439.958000  128.876716
                173000  3440.869167  129.593253
                174000  3433.246500  139.578051
                175000  3432.962167  138.136921
                176000  3419.599167  154.343575
                177000  3438.135000  131.694696
                178000  3437.109667  129.258391
                179000  3438.959333  128.178511
                180000  3453.624000  111.374548
                181000  3450.375667  112.242212
                182000  3448.965167  110.390659
                183000  3448.821833  109.909238
                184000  3459.192500   98.613667
                185000  3455.840833   99.876976
                186000  3455.762000   99.277383
                187000  3454.627333   99.695030
                188000  3456.332833   97.212104
                189000  3482.695167   61.645215
                190000  3481.382667   61.073881
                191000  3480.657000   61.382137
                192000  3480.797000   61.866256
                193000  3480.980167   60.776410
                194000  3489.117833   50.659929
                195000  3488.706500   50.665831
                196000  3500.181833   34.706214
                197000  3500.321333   32.518258
                198000  3500.312333   32.174439
                199000  3499.797500   32.710766
                200000  3499.417667   32.932096
                201000  3457.792667   93.059454
                202000  3456.185167   93.674868
                203000  3455.673833   94.100120
                204000  3454.326500   93.280899
                205000  3456.658833   93.081873
                206000  3456.261833   92.259240
                207000  3456.437333   92.634462
                208000  3456.211500   92.928253
                209000  3442.135333  112.058527
                210000  3444.378333  111.741162
                211000  3444.364833  109.867325
                212000  3441.509333  113.369592
                213000  3439.790500  114.244992
                214000  3439.829167  113.925403
                215000  3438.818333  116.039988
                216000  3437.969500  118.428135
                217000  3437.096000  120.354624
                218000  3434.593167  122.567772
                219000  3432.245667  123.439865
                220000  3430.747500  121.800319
                221000  3470.975333   64.077827
                222000  3470.977833   64.904770
                223000  3467.235667   69.166942
                224000  3465.865500   70.830222
                225000  3466.354167   70.169897
                226000  3467.522333   70.910675
                227000  3463.440000   72.539972
                228000  3459.317667   74.645606
                229000  3473.324500   54.775918
                230000  3472.384500   53.991828
                231000  3473.372667   53.955007
                232000  3472.135167   51.925176
                233000  3472.344833   51.750524
                234000  3471.743167   51.411758
                235000  3471.969667   49.536750
                236000  3473.286333   46.560988
                237000  3473.506167   45.241031
                238000  3477.116000   44.563540
                239000  3479.710667   42.360990
                240000  3479.157500   42.745795
                241000  3483.290500   40.836052
                242000  3484.117833   40.024706
                243000  3476.808833   53.417596
                244000  3477.208333   55.169492
                245000  3472.280500   59.812206
                246000  3457.179833   78.178237
                247000  3451.040333   88.800569
                248000  3426.103333  128.193013
                249000  3410.803500  152.526660
                250000  3401.921333  165.807108
                251000  3391.639333  179.639038
                252000  3367.667000  211.933585
                253000  3337.864333  255.312367
                254000  3296.561833  312.273266
                255000  3276.148667  338.394992
                256000  3252.718000  371.723243
                257000  3215.887833  422.233541
                258000  3203.049500  438.170278
                259000  3175.077000  477.458551
                260000  3140.544333  529.404013
                261000  3132.878000  540.609651
                262000  3109.440500  576.130288
                263000  3077.437667  618.559673
                264000  3045.697167  662.221259
                265000  3021.674833  697.063608
                266000  3029.055667  685.258175
                267000  3030.863500  679.663721
                268000  3045.150000  658.792893
                269000  3056.709500  643.713347
                270000  3062.928167  633.803628
                271000  3050.211000  644.878123
                272000  3077.291167  611.133558
                273000  3107.344500  567.084608
                274000  3150.231833  509.674348
                275000  3170.651833  483.638687
                276000  3181.865333  464.789348
                277000  3211.340000  425.250820
                278000  3220.772833  413.350148
                279000  3244.391000  378.621384
                280000  3264.905333  347.407285
                281000  3269.637500  336.795340
                282000  3283.276167  303.514591
                283000  3327.762667  243.697232
                284000  3362.250333  198.466753
                285000  3389.311833  161.295213
                286000  3395.545500  154.049539
                287000  3400.031167  153.106755
                288000  3404.569833  146.243833
                289000  3407.709667  140.035543
                290000  3393.081833  163.182178
                291000  3398.170667  164.803082
                292000  3393.319833  169.627084
                293000  3393.015667  172.596773
                294000  3393.066667  174.087327
                295000  3391.412333  176.495403
                296000  3399.666833  167.434453
                297000  3404.018833  159.947147
                298000  3403.062167  159.970698
                299000  3403.624500  158.105397
                300000  3417.344167  141.781696
                301000  3413.077667  148.918959
                302000  3420.583333  149.640885
                303000  3415.708000  151.320753
                304000  3412.622667  149.785421
                305000  3413.609833  148.317866
                306000  3392.945500  171.954662
                307000  3380.595833  183.935407
                308000  3385.931500  172.076135
                309000  3385.764167  170.316460
                310000  3370.098333  177.562402
                311000  3349.588667  201.202164
                312000  3304.982667  264.141365
                313000  3260.582167  323.347203
                314000  3217.606167  375.542917
                315000  3215.266833  373.837283
                316000  3215.441500  370.886267
                317000  3205.986167  385.622996
                318000  3210.554500  380.352523
                319000  3196.737833  398.418720
                320000  3198.513833  394.668278
                321000  3195.237833  395.714432
                322000  3196.560167  391.790434
                323000  3177.078000  410.675738
                324000  3164.546333  429.122881
                325000  3093.579833  482.032221
                326000  3087.387000  478.031546
                327000  3096.771333  464.584799
                328000  3098.501333  463.533752
                329000  3088.906833  477.733759
                330000  3091.047500  482.708405
                331000  3085.502000  489.891856
                332000  3128.576167  426.122231
                333000  3160.684167  380.922596
                334000  3189.878333  336.713429
                335000  3167.061500  371.799883
                336000  3138.816000  416.690183
                337000  3110.985000  455.618711
                338000  3064.381500  518.824606
                339000  3069.804167  510.458969
                340000  3040.533167  538.859692
                341000  3043.034333  534.922794
                342000  3012.697167  581.807284
                343000  3001.157000  585.951054
                344000  2987.409500  605.621483
                345000  3059.697000  552.741176
                346000  3056.025000  561.355572
                347000  3032.485167  598.364114
                348000  3007.147833  636.459758
                349000  2985.173333  660.962197
                350000  2984.134833  658.727390
                351000  2997.486000  643.062347
                352000  2963.809000  684.442380
                353000  2948.623167  705.354598
                354000  2931.736000  737.953605
                355000  2942.859833  721.825195
                356000  2957.565833  697.465209
                357000  2979.617333  662.459642
                358000  3004.260500  627.095690
                359000  3007.456167  622.550021
                360000  3022.171000  598.939400
                361000  3024.699833  595.383807
                362000  3052.129000  553.541015
                363000  3046.928333  552.902149
                364000  3074.751167  515.756944
                365000  3069.521333  516.126128
                366000  3087.156833  503.626366
                367000  3098.768667  472.684573
                368000  3119.998667  441.254683
                369000  3143.060500  415.190209
                370000  3174.687333  377.616671
                371000  3202.263000  336.793412
                372000  3239.760667  291.244647
                373000  3230.248667  300.969820
                374000  3258.028333  259.321631
                375000  3268.243500  240.767961
                376000  3278.280167  222.076778
                377000  3253.961500  257.495576
                378000  3262.765667  241.411453
                379000  3269.266333  233.748967
                380000  3281.510333  228.553956
                381000  3283.996000  226.826726
                382000  3270.177167  238.998714
                383000  3299.713833  219.939957
                384000  3249.978167  253.894338
                385000  3217.285167  284.617920
                386000  3225.724667  271.743474
                387000  3221.178000  290.832657
                388000  3208.324667  308.083214
                389000  3188.850333  332.671600
                390000  3158.737833  350.318405
                391000  3120.854167  378.243572
                392000  3103.391500  399.613900
                393000  3115.195167  385.365618
                394000  3115.296000  384.679682
                395000  3090.288833  416.208256
                396000  3082.124833  427.568808
                397000  3120.906833  374.460521
                398000  3121.396667  373.141699
                399000  3107.843167  387.589955
                400000  3086.514000  411.963647
                401000  3068.220333  436.823382
                402000  3079.525833  426.000206
                403000  3026.628000  464.407294
                404000  3073.533000  431.560179
                405000  3078.723667  438.740837
                406000  3056.054000  468.748258
                407000  3045.546333  478.581515
                408000  3020.274500  504.742674
                409000  3029.624500  487.059219
                410000  3041.467500  482.793688
                411000  3024.710000  488.707958
                412000  3035.660500  470.945422
                413000  3050.128667  450.265283
                414000  3050.694500  450.927532
                415000  3076.988667  418.907976
                416000  3089.559333  404.154134
                417000  3090.341000  399.963986
                418000  3087.245500  399.492363
                419000  3101.869000  385.521604
                420000  3123.700500  362.094247
                421000  3140.155500  336.692949
                422000  3111.686833  357.855079
                423000  3172.252000  313.526352
                424000  3156.003167  332.104469
                425000  3175.948333  302.932705
                426000  3196.457667  275.515454
                427000  3223.090500  241.225139
                428000  3242.580833  214.554068
                429000  3244.322833  218.482924
                430000  3260.905667  205.997453
                431000  3277.625667  204.616949
                432000  3238.431333  264.456024
                433000  3228.024333  277.759751
                434000  3181.392667  320.443954
                435000  3158.971167  340.896279
                436000  3131.759000  378.334978
                437000  3096.381667  431.455482
                438000  3089.270667  446.890193
                439000  3088.129833  447.029790
                440000  3056.573500  490.488925
                441000  3057.886500  492.684769
                442000  3086.993500  471.006639
                443000  3078.356833  485.140034
                444000  3052.330167  525.437525
                445000  3052.699500  529.397656
                446000  3052.603167  529.707268
                447000  3029.727500  561.369969
                448000  3052.575500  540.506198
                449000  3053.698000  541.036612
                450000  3016.814000  592.866950
                451000  3057.477667  561.293202
                452000  3090.538500  519.826232
                453000  3076.247167  543.768874
                454000  3118.103833  508.388459
                455000  3144.131833  487.026555
                456000  3173.883000  449.696336
                457000  3168.428833  457.131798
                458000  3190.901000  432.013646
                459000  3192.888333  432.416843
                460000  3197.354333  426.423848
                461000  3189.958167  438.119924
                462000  3174.039667  462.535267
                463000  3165.551833  471.524026
                464000  3197.286667  423.621775
                465000  3206.530333  411.726573
                466000  3199.282500  424.631206
                467000  3228.585000  388.410402
                468000  3232.575667  383.923980
                469000  3231.042333  382.509245
                470000  3268.339500  331.047266
                471000  3267.029833  330.669970
                472000  3281.897000  308.361024
                473000  3302.228167  282.445962
                474000  3296.881000  288.612846
                475000  3298.068667  289.777511
                476000  3298.548167  289.890154
                477000  3344.310333  230.768455
                478000  3343.282000  231.487942
                479000  3342.970167  230.086630
                480000  3370.804500  192.718520
                481000  3370.185333  195.435431
                482000  3393.448667  167.777557
                483000  3413.429333  146.870555
                484000  3426.655667  134.781618
                485000  3418.896667  143.751789
                486000  3433.287500  125.350404
                487000  3432.474000  124.860856
                488000  3430.944833  126.844882
                489000  3449.727333  103.485414
                490000  3442.444833  110.195234
                491000  3441.020333  111.837779
                492000  3435.888667  116.114681
                493000  3450.485833   93.290566
                494000  3433.396167  110.854690
                495000  3431.991167  110.628500
                496000  3430.671667  110.367260
                497000  3428.630667  109.387818
                498000  3426.780833  109.214662
                499000  3417.845500  117.542430
                500000  3419.319500  117.000331