 Environment Timesteps  Return Mean   Return Std
                     0   276.805667    52.893518
                  1000   280.819667    52.153206
                  2000   293.752167    52.670575
                  3000   293.501167    49.977880
                  4000   295.595667    49.369798
                  5000   301.940500    52.081063
                  6000   305.712500    49.499759
                  7000   299.689667    49.794056
                  8000   296.044500    50.828052
                  9000   297.390000    52.862459
                 10000   295.645000    49.307714
                 11000   290.835833    52.480156
                 12000   291.131167    51.650493
                 13000   286.345833    49.449828
                 14000   286.281500    50.090346
                 15000   289.704333    49.505238
                 16000   291.847500    47.545659
                 17000   294.479667    47.061411
                 18000   296.270833    49.916790
                 19000   298.903500    48.561083
                 20000   300.662000    49.312693
                 21000   301.818167    48.349257
                 22000   298.195167    50.896525
                 23000   301.614000    50.600811
                 24000   300.558333    50.435976
                 25000   300.249333    48.558388
                 26000   303.090167    49.843315
                 27000   306.102833    50.844368
                 28000   308.657167    51.827675
                 29000   310.918333    50.620458
                 30000   314.572000    50.495154
                 31000   320.962167    51.140806
                 32000   322.466167    49.939139
                 33000   324.395167    50.527450
                 34000   326.226833    49.965928
                 35000   326.190500    51.658226
                 36000   323.290333    56.353335
                 37000   318.523500    53.309320
                 38000   319.010833    50.388251
                 39000   320.899833    51.636017
                 40000   323.251000    49.722643
                 41000   324.697000    50.937849
                 42000   328.309333    50.933537
                 43000   329.286833    53.130309
                 44000   333.345667    53.550492
                 45000   330.767500    56.525365
                 46000   330.422333    57.692958
                 47000   335.090167    55.816151
                 48000   335.635500    54.705130
                 49000   338.466833    55.285469
                 50000   344.389500    58.248813
                 51000   343.999167    56.738940
                 52000   347.352500    56.166435
                 53000   350.484667    56.677812
                 54000   355.574833    58.386653
                 55000   359.810500    56.989688
                 56000   366.065667    50.830784
                 57000   368.045167    51.937132
                 58000   375.941500    52.250831
                 59000   375.784500    51.977407
                 60000   377.699500    50.762291
                 61000   379.351000    51.050983
                 62000   380.594000    53.099516
                 63000   385.455667    54.403190
                 64000   380.630667    55.632579
                 65000   377.921000    52.686463
                 66000   379.640667    52.195187
                 67000   380.533000    53.045964
                 68000   383.664833    57.478135
                 69000   382.875167    56.878699
                 70000   384.933500    54.858705
                 71000   383.813500    55.981156
                 72000   383.623333    56.146712
                 73000   386.730833    57.131045
                 74000   384.339333    56.473759
                 75000   388.939833    60.236465
                 76000   389.449500    60.560801
                 77000   390.804833    62.991227
                 78000   387.617667    63.356612
                 79000   387.273000    66.813329
                 80000   385.241500    67.722963
                 81000   389.785000    68.681750
                 82000   389.164833    64.660314
                 83000   385.464167    62.542553
                 84000   387.929833    62.389588
                 85000   391.839500    62.000352
                 86000   390.485000    61.868980
                 87000   389.658833    63.333302
                 88000   389.744167    58.065824
                 89000   393.962000    59.983737
                 90000   392.868500    59.530969
                 91000   394.789000    57.039741
                 92000   397.078333    56.651783
                 93000   397.545000    56.757718
                 94000   394.446500    56.195463
                 95000   389.018833    52.823119
                 96000   390.320333    53.823446
                 97000   395.977500    56.145283
                 98000   397.642833    57.169406
                 99000   397.395500    54.819288
                100000   398.914000    53.823016
                101000   397.162833    52.421829
                102000   397.545000    55.205774
                103000   399.484833    55.234960
                104000   399.953833    53.310515
                105000   401.897167    56.012235
                106000   406.231333    54.883705
                107000   412.579000    52.646429
                108000   414.973500    52.886018
                109000   413.476500    52.225126
                110000   412.004167    51.855731
                111000   414.346667    53.625916
                112000   414.212833    52.736723
                113000   415.389500    55.033910
                114000   415.707500    55.188426
                115000   422.550333    57.986973
                116000   420.524333    60.871106
                117000   420.094833    57.722917
                118000   420.845833    56.292611
                119000   428.436833    59.270732
                120000   430.055667    64.926021
                121000   433.854833    65.206359
                122000   437.308500    64.931161
                123000   444.334000    66.272992
                124000   450.289000    66.656077
                125000   451.784500    65.437415
                126000   450.238000    66.255717
                127000   445.959167    67.409072
                128000   444.776167    68.509948
                129000   444.615167    68.453574
                130000   444.356167    67.606386
                131000   445.624667    68.646560
                132000   442.331667    69.283809
                133000   442.802167    65.833766
                134000   447.487333    65.721759
                135000   444.702000    66.767839
                136000   442.789833    65.923574
                137000   444.886167    67.010799
                138000   444.933667    65.603528
                139000   441.145500    60.964320
                140000   444.799833    57.719760
                141000   444.425333    57.286894
                142000   469.649000    82.776913
                143000   472.635167    83.679098
                144000   476.638833    84.527126
                145000   473.847333    85.843788
                146000   472.420000    85.337415
                147000   478.316667    86.740137
                148000   479.137833    89.928187
                149000   482.544500    90.086047
                150000   481.529000    93.826559
                151000   482.715167    94.426808
                152000   489.451500    99.365642
                153000   495.235333   107.015853
                154000   497.948667   111.531704
                155000   505.570333   112.801156
                156000   520.713000   112.512835
                157000   530.474167   116.593302
                158000   543.086333   123.109332
                159000   553.751333   127.822860
                160000   559.352833   134.683120
                161000   559.789500   138.134789
                162000   540.726000   111.815373
                163000   532.853667   110.160821
                164000   589.234167   161.355310
                165000   596.697500   161.736867
                166000   602.522333   166.300442
                167000   603.555333   171.135250
                168000   677.852167   264.587130
                169000   679.741833   265.687923
                170000   698.695167   274.164337
                171000   710.661000   282.645625
                172000   729.357167   302.974030
                173000   791.755333   383.231923
                174000   796.939833   387.130709
                175000   796.839833   387.461070
                176000   795.992167   390.310994
                177000   823.088333   423.656036
                178000   839.508833   424.935892
                179000   836.867167   422.540888
                180000   846.320833   422.866784
                181000   850.144500   425.580295
                182000   859.757000   427.539986
                183000   916.955000   500.963344
                184000   875.093833   468.317849
                185000   984.640333   553.823210
                186000  1004.281167   552.837570
                187000  1010.141000   552.448519
                188000  1018.880667   555.519477
                189000  1089.774500   628.504012
                190000  1197.017000   699.361206
                191000  1207.212000   701.292193
                192000  1190.267000   678.877194
                193000  1150.532667   599.619424
                194000  1187.345333   613.482834
                195000  1190.371500   617.136512
                196000  1188.509333   615.816178
                197000  1158.549333   582.588268
                198000  1136.514167   580.604079
                199000  1171.665167   601.167991
                200000  1205.417000   628.076951
                201000  1247.555500   640.120119
                202000  1243.591500   644.425367
                203000  1276.652167   662.657600
                204000  1357.635167   708.685812
                205000  1345.745833   720.024991
                206000  1448.874500   806.497702
                207000  1519.790333   881.527000
                208000  1589.101500   827.027174
                209000  1620.974500   843.185889
                210000  1596.859667   848.632888
                211000  1651.731667   900.712451
                212000  1761.169000   999.065981
                213000  1784.824667  1018.065188
                214000  1872.505667  1082.030623
                215000  1881.386167  1079.551448
                216000  1896.614167  1078.095188
                217000  1992.050500  1157.266705
                218000  2045.106333  1206.393677
                219000  2173.341500  1282.484377
                220000  2233.155167  1338.639888
                221000  2361.809333  1368.915331
                222000  2436.991833  1397.581317
                223000  2363.399333  1315.117916
                224000  2423.823000  1340.429996
                225000  2482.452833  1319.882249
                226000  2449.437667  1334.878194
                227000  2589.503500  1277.716052
                228000  2593.407833  1319.800148
                229000  2619.042833  1294.611656
                230000  2656.836167  1308.204272
                231000  2715.168500  1336.829880
                232000  2757.203333  1333.336819
                233000  2882.220667  1352.822077
                234000  2827.025000  1307.800487
                235000  3008.634167  1334.298585
                236000  3055.612500  1362.900031
                237000  3149.044167  1332.425902
                238000  3175.091500  1382.749681
                239000  3082.236000  1360.604543
                240000  3055.543833  1371.028102
                241000  3064.941833  1398.374690
                242000  3132.276333  1427.500121
                243000  3289.845833  1529.211668
                244000  3281.014000  1529.894008
                245000  3260.123500  1543.124306
                246000  3327.137667  1537.027924
                247000  3321.507833  1562.676784
                248000  3369.608333  1543.802773
                249000  3393.095500  1564.745283
                250000  3352.701000  1570.320657
                251000  3337.631167  1557.653497
                252000  3335.640167  1556.198751
                253000  3344.168667  1548.834113
                254000  3405.255167  1586.175760
                255000  3358.064333  1636.187374
                256000  3455.578333  1688.990786
                257000  3334.037500  1671.696019
                258000  3471.297833  1607.807416
                259000  3563.335333  1649.847493
                260000  3736.067333  1551.823704
                261000  3757.513833  1515.506097
                262000  3690.699833  1555.147194
                263000  3635.335000  1479.933571
                264000  3593.048667  1467.774931
                265000  3667.531500  1444.735454
                266000  3711.735500  1403.837809
                267000  3688.305833  1424.774959
                268000  3605.666333  1452.169459
                269000  3637.290000  1435.333196
                270000  3674.644667  1425.163253
                271000  3768.797667  1376.124454
                272000  3790.219833  1376.728946
                273000  3807.706667  1388.509129
                274000  3779.778167  1357.445859
                275000  3758.719500  1371.384823
                276000  3729.986667  1382.911972
                277000  3882.899833  1360.533578
                278000  3847.251500  1376.033934
                279000  3828.466000  1333.047971
                280000  3641.504833  1368.268615
                281000  3498.725500  1382.042769
                282000  3514.618333  1310.010216
                283000  3556.597167  1365.350577
                284000  3578.853833  1383.134102
                285000  3531.326167  1374.383757
                286000  3499.095667  1372.169625
                287000  3556.963167  1313.269541
                288000  3596.347000  1307.054236
                289000  3593.021333  1315.989586
                290000  3617.000000  1284.027242
                291000  3578.869333  1306.866524
                292000  3573.881167  1271.521450
                293000  3563.261667  1280.637414
                294000  3590.333333  1325.992190
                295000  3677.672667  1260.041393
                296000  3652.602333  1249.570136
                297000  3566.241667  1323.304377
                298000  3590.166667  1339.528204
                299000  3694.472500  1274.245806
                300000  3802.570167  1342.811953
                301000  3910.936000  1378.630479
                302000  4019.944500  1375.588661
                303000  4054.072833  1340.473729
                304000  4145.715333  1269.622368
                305000  4084.747167  1216.853877
                306000  4171.533000  1163.104206
                307000  4058.086833  1244.272568
                308000  4103.546500  1226.137246
                309000  4167.133000  1163.578464
                310000  4238.747667  1115.148620
                311000  4294.283333  1080.174446
                312000  4295.291333  1117.455215
                313000  4286.328500  1118.051330
                314000  4379.977333  1046.522635
                315000  4319.852833  1109.680035
                316000  4447.733500  1040.409717
                317000  4488.301000  1044.355330
                318000  4537.652833   973.793339
                319000  4524.894000   976.811005
                320000  4537.999167   922.969066
                321000  4615.831333   837.305029
                322000  4622.728000   847.416872
                323000  4682.882000   795.894294
                324000  4640.467167   864.160893
                325000  4786.331500   865.926688
                326000  4702.624333   920.209405
                327000  4735.958167   925.210000
                328000  4764.844000   860.435582
                329000  4713.444500   932.050434
                330000  4720.304333   945.870527
                331000  4685.824333   985.458364
                332000  4765.488000   897.088460
                333000  4833.965833   853.498300
                334000  4825.339833   891.155144
                335000  4834.898833   898.208305
                336000  4822.987167   913.301590
                337000  4855.834000   894.472813
                338000  4745.894167   988.594295
                339000  4749.890500   991.344378
                340000  4734.882167   999.506397
                341000  4661.148500  1093.766717
                342000  4658.328000  1110.384341
                343000  4573.922167  1156.267401
                344000  4641.416667  1066.305045
                345000  4555.083833  1145.921200
                346000  4600.891000  1134.276441
                347000  4625.983167  1104.862265
                348000  4639.889500  1114.557502
                349000  4669.444167  1067.566564
                350000  4596.265000  1128.973203
                351000  4651.433167  1073.500032
                352000  4643.136500  1083.718760
                353000  4629.603833  1089.424196
                354000  4667.863500  1029.066890
                355000  4750.720667   934.040386
                356000  4778.559833   913.495391
                357000  4821.147000   840.479548
                358000  4928.310000   752.045303
                359000  4923.956000   759.709908
                360000  5006.239500   700.038979
                361000  5043.436167   651.951337
                362000  5057.696333   631.276601
                363000  5046.671667   673.209506
                364000  5011.353167   700.166309
                365000  5080.829333   623.551309
                366000  5050.578500   644.655448
                367000  5089.596000   593.144957
                368000  5099.060500   579.995741
                369000  5099.117500   573.702424
                370000  5050.430000   580.141470
                371000  4972.879833   651.683940
                372000  4960.692000   668.811755
                373000  4958.233500   654.739159
                374000  4953.782333   659.943258
                375000  4943.008167   664.249786
                376000  4877.826833   730.936063
                377000  4874.117500   731.896635
                378000  4880.118000   729.201062
                379000  4885.974333   710.036550
                380000  4886.461667   707.227888
                381000  4913.450500   683.087822
                382000  4914.760333   675.182958
                383000  5010.605000   597.771866
                384000  5060.353000   569.155285
                385000  5082.749167   556.484552
                386000  5115.818500   536.604609
                387000  5129.388000   519.659345
                388000  5133.105167   522.786484
                389000  5165.016167   500.267369
                390000  5171.133500   504.815656
                391000  5206.424000   479.896049
                392000  5236.248500   445.937412
                393000  5223.329500   472.074191
                394000  5198.034000   513.385089
                395000  5203.527667   530.774289
                396000  5237.426167   492.255941
                397000  5099.169833   562.282530
                398000  5043.275833   621.994588
                399000  4993.387833   697.162584
                400000  4913.786667   816.133024
                401000  4927.690500   801.121997
                402000  4951.335667   779.679734
                403000  4933.523333   798.741368
                404000  4839.999667   907.609379
                405000  4845.754000   911.788135
                406000  4874.289167   885.995914
                407000  4886.568667   887.800015
                408000  4821.965167   964.969188
                409000  4827.793000   955.166027
                410000  4923.258833   915.627863
                411000  4956.503833   866.628776
                412000  4947.049333   871.350093
                413000  4981.891000   842.339694
                414000  5009.846667   797.679076
                415000  5020.681167   777.184135
                416000  5053.552500   741.730797
                417000  5192.783000   673.859496
                418000  5248.291333   617.891710
                419000  5282.891167   563.227577
                420000  5357.538167   447.743944
                421000  5354.726667   443.546879
                422000  5337.582333   451.230435
                423000  5267.966000   529.430580
                424000  5360.842500   427.832023
                425000  5369.650833   429.689627
                426000  5223.487667   519.457016
                427000  5202.885000   531.967112
                428000  5236.466167   486.360543
                429000  5127.872333   548.232939
                430000  5159.141833   513.596082
                431000  5105.215000   608.539435
                432000  5048.489500   693.660985
                433000  4979.479833   794.640299
                434000  4977.527167   796.454690
                435000  4955.243667   810.896694
                436000  4954.378833   809.818532
                437000  4911.430333   854.389489
                438000  4879.266500   862.029499
                439000  4895.124667   848.780104
                440000  4899.745667   850.442834
                441000  4901.979500   850.145944
                442000  4915.622500   842.102300
                443000  4985.315333   767.800580
                444000  4932.145000   830.999648
                445000  4874.388000   890.851566
                446000  5024.607500   788.983214
                447000  4974.790000   848.165403
                448000  5002.076500   814.466862
                449000  5023.369667   849.179645
                450000  4970.361000   879.939480
                451000  4965.468333   893.082525
                452000  5025.765500   813.060749
                453000  5074.606500   719.326533
                454000  5085.214000   725.352829
                455000  5097.369167   736.071952
                456000  5081.258500   757.155465
                457000  5128.627167   712.012426
                458000  5155.694000   712.265090
                459000  5167.657667   710.083585
                460000  5139.136167   745.256285
                461000  5142.245500   738.362772
                462000  5064.872000   835.270012
                463000  5087.793000   796.506815
                464000  5096.644167   783.396892
                465000  5094.973167   767.272195
                466000  5037.602000   816.022289
                467000  5106.287000   741.490483
                468000  5094.048167   749.299998
                469000  5173.016833   650.921553
                470000  5215.353833   619.342639
                471000  5302.567333   516.262578
                472000  5304.853000   503.531138
                473000  5281.669667   549.330274
                474000  5276.696833   546.918603
                475000  5280.827500   519.157822
                476000  5254.400667   557.633448
                477000  5237.111667   564.101882
                478000  5189.846000   607.956327
                479000  5165.224167   626.584211
                480000  5120.387500   656.801429
                481000  5083.948500   701.582392
                482000  5155.626167   603.757651
                483000  5161.002167   606.532046
                484000  5206.820500   551.416619
                485000  5257.050167   505.617283
                486000  5318.477833   454.826978
                487000  5311.739833   463.578156
                488000  5322.429667   448.980144
                489000  5276.850333   520.117474
                490000  5268.963167   514.719260
                491000  5245.358000   511.855049
                492000  5233.836833   510.748233
                493000  5279.049000   453.839191
                494000  5278.772167   451.650643
                495000  5237.399500   512.866769
                496000  5273.906000   462.309455
                497000  5270.257500   472.784083
                498000  5319.295833   421.394597
                499000  5343.522833   396.032585
                500000  5406.289000   352.586128
                501000  5410.318833   360.086547
                502000  5431.321667   358.794004
                503000  5425.500833   362.518847
                504000  5416.403000   361.120297
                505000  5400.538333   367.227023
                506000  5393.986333   368.785913
                507000  5401.885167   361.997980
                508000  5376.885667   399.359982
                509000  5424.882667   330.575003
                510000  5391.408667   394.972071
                511000  5398.747167   394.296550
                512000  5407.760667   401.313037
                513000  5385.966667   422.764738
                514000  5292.652333   489.232499
                515000  5341.712167   428.660159
                516000  5345.626000   426.116488
                517000  5364.243167   413.412181
                518000  5367.856333   408.525825
                519000  5328.104500   446.860526
                520000  5314.943667   435.667155
                521000  5247.542167   493.321696
                522000  5236.231167   495.990791
                523000  5148.968667   597.721602
                524000  5152.118333   599.943957
                525000  5140.815167   622.294120
                526000  5156.248833   618.878044
                527000  5151.031167   625.808975
                528000  5121.814667   683.306164
                529000  5109.251500   709.798520
                530000  5164.862000   631.727371
                531000  5155.048167   630.774429
                532000  5136.863500   648.259973
                533000  5164.027167   629.790559
                534000  5254.780500   561.564046
                535000  5255.215167   559.151039
                536000  5259.333333   559.494735
                537000  5251.220167   554.833449
                538000  5180.462333   631.082570
                539000  5208.348667   593.621343
                540000  5232.525333   586.955236
                541000  5334.179667   484.999510
                542000  5338.825500   485.767068
                543000  5430.159000   378.812801
                544000  5430.049500   375.563672
                545000  5454.846500   345.775485
                546000  5430.945500   346.915003
                547000  5438.890000   339.770840
                548000  5502.112167   251.287540
                549000  5507.270833   231.802969
                550000  5471.802500   279.430937