 Environment Timesteps  Return Mean   Return Std
                   0.0   -15.862500   117.479645
                1000.0   -64.410667   118.713272
                2000.0   -54.723333   105.919184
                3000.0   -47.059000    93.428832
                4000.0   -41.044667    85.800062
                5000.0   -42.794833    80.048634
                6000.0   -44.691000    80.554998
                7000.0   -41.621167    65.496611
                8000.0   -38.065500    63.692983
                9000.0   -43.204667    63.715582
               10000.0   -44.581667    62.885819
               11000.0   -46.142500    60.311529
               12000.0   -48.757000    68.306914
               13000.0   -42.245333    72.746649
               14000.0   -54.178333    86.881604
               15000.0   -62.984500   100.568034
               16000.0   -72.196833   112.120474
               17000.0   -85.076333   125.682373
               18000.0   -82.635833   126.645267
               19000.0   -95.746833   133.322851
               20000.0   -96.941500   134.761552
               21000.0   -96.502333   137.565786
               22000.0   -94.606667   139.309672
               23000.0   -89.019667   140.031727
               24000.0   -91.482833   141.418093
               25000.0  -111.411333   158.970090
               26000.0  -119.644333   168.590916
               27000.0  -123.748833   179.227372
               28000.0  -129.096000   187.271598
               29000.0  -124.862333   187.547297
               30000.0  -127.353000   191.749760
               31000.0  -120.153667   185.631382
               32000.0  -111.560833   177.663257
               33000.0  -125.595167   178.659277
               34000.0  -113.322833   167.671686
               35000.0  -107.049500   160.903234
               36000.0  -107.843333   164.577357
               37000.0   -94.848167   148.797659
               38000.0   -96.577500   149.754572
               39000.0   -94.492167   150.120078
               40000.0   -95.693833   154.696140
               41000.0   -96.446667   157.660097
               42000.0  -105.560167   174.545394
               43000.0  -102.207667   183.841327
               44000.0   -87.035667   206.816027
               45000.0   -62.261667   190.052271
               46000.0   -46.691500   174.899247
               47000.0   -36.167000   163.209819
               48000.0   -24.689833   162.916745
               49000.0   -20.992000   163.613158
               50000.0   -23.272500   174.562720
               51000.0   -21.269500   178.508632
               52000.0   -21.376667   184.629533
               53000.0   -25.966333   202.585810
               54000.0   -14.697000   210.972421
               55000.0    -2.918833   204.950198
               56000.0    10.035667   196.075828
               57000.0    21.951333   212.138705
               58000.0    37.242833   237.345335
               59000.0    49.635333   239.117334
               60000.0    83.670167   253.771963
               61000.0   121.849000   270.435903
               62000.0   143.404500   274.059995
               63000.0   159.543000   284.965594
               64000.0   180.223667   287.852772
               65000.0   211.004333   310.027834
               66000.0   237.220167   335.883382
               67000.0   275.893667   389.898335
               68000.0   341.107333   442.177762
               69000.0   354.102667   459.227912
               70000.0   396.023500   496.086788
               71000.0   410.326833   507.827993
               72000.0   433.352667   515.154483
               73000.0   497.542167   525.447523
               74000.0   523.662833   533.034979
               75000.0   545.930833   562.996791
               76000.0   603.573833   599.095020
               77000.0   643.226333   622.503631
               78000.0   699.144000   642.001232
               79000.0   737.225500   665.003273
               80000.0   734.108333   658.758361
               81000.0   715.986000   653.956147
               82000.0   738.476667   663.976120
               83000.0   735.161667   662.017481
               84000.0   752.982833   685.861003
               85000.0   759.490500   708.267419
               86000.0   748.749667   682.405493
               87000.0   783.566833   678.735434
               88000.0   776.555667   660.464253
               89000.0   865.965500   665.106673
               90000.0   898.838500   665.210608
               91000.0   931.730000   680.376725
               92000.0   951.800500   688.884249
               93000.0   975.213000   704.945089
               94000.0  1026.762500   746.339666
               95000.0  1081.510333   761.405887
               96000.0  1095.727833   763.653780
               97000.0  1104.868000   776.450921
               98000.0  1132.405667   799.734575
               99000.0  1182.210833   815.953397
              100000.0  1235.619000   877.010102
              101000.0  1312.508833   928.320151
              102000.0  1354.928667   977.490197
              103000.0  1390.247333  1007.427325
              104000.0  1413.605167  1014.706818
              105000.0  1466.353833  1038.274067
              106000.0  1536.383333  1096.879824
              107000.0  1564.741833  1084.446478
              108000.0  1582.328333  1106.299262
              109000.0  1577.414333  1133.965481
              110000.0  1613.322167  1114.638751
              111000.0  1663.819667  1131.003591
              112000.0  1748.425000  1146.788830
              113000.0  1784.552833  1158.888365
              114000.0  1838.790833  1166.693962
              115000.0  1898.225833  1199.013947
              116000.0  1961.429667  1233.597799
              117000.0  2000.570000  1241.523331
              118000.0  2029.780667  1221.537618
              119000.0  2019.358333  1220.616632
              120000.0  2065.685500  1185.096280
              121000.0  2036.018167  1126.794037
              122000.0  2047.339500  1095.974068
              123000.0  2050.490833  1078.377683
              124000.0  2057.396667  1081.519211
              125000.0  2049.237667  1024.672442
              126000.0  2111.632667   989.559780
              127000.0  2140.390500   990.208137
              128000.0  2174.263833   945.201789
              129000.0  2206.147000   924.108243
              130000.0  2197.797833   915.415892
              131000.0  2243.885833   929.911424
              132000.0  2271.591667   910.281777
              133000.0  2325.502500   881.926314
              134000.0  2296.329500   889.538944
              135000.0  2312.286167   848.409292
              136000.0  2330.800000   803.313994
              137000.0  2378.759500   770.320854
              138000.0  2428.464333   755.332680
              139000.0  2468.101000   755.495358
              140000.0  2484.385833   775.135654
              141000.0  2593.116167   810.415929
              142000.0  2654.988833   804.403034
              143000.0  2739.403667   828.842062
              144000.0  2824.265333   794.775336
              145000.0  2904.547500   821.422969
              146000.0  2880.133667   851.309835
              147000.0  2867.417667   872.943583
              148000.0  2842.161667   902.815019
              149000.0  2822.124667   956.064555
              150000.0  2896.186167   962.559000
              151000.0  2927.099000   928.887391
              152000.0  2974.898000   935.273280
              153000.0  2987.490000   933.767952
              154000.0  3051.989000   898.037895
              155000.0  3087.032167   868.976868
              156000.0  3076.849833   892.102807
              157000.0  3096.432500   898.139721
              158000.0  3050.084667   922.805334
              159000.0  3082.591833   933.431966
              160000.0  3054.905333   872.868649
              161000.0  2971.029833   862.833447
              162000.0  2972.263000   871.247283
              163000.0  2967.634167   843.814869
              164000.0  2946.537167   887.454767
              165000.0  2905.543500   905.225944
              166000.0  2894.285000   884.053381
              167000.0  2936.048500   854.535291
              168000.0  2996.857333   847.927296
              169000.0  3019.050500   814.842102
              170000.0  3046.429833   798.578542
              171000.0  3028.101500   824.599472
              172000.0  3007.229500   827.944140
              173000.0  3016.463000   822.025844
              174000.0  3036.216500   816.215958
              175000.0  3036.599167   815.595846
              176000.0  3049.092833   795.373781
              177000.0  3047.808667   787.991405
              178000.0  3083.111667   746.990369
              179000.0  3111.376833   742.599911
              180000.0  3172.744333   765.930513
              181000.0  3285.165000   741.663184
              182000.0  3341.753833   694.881958
              183000.0  3383.337500   724.160208
              184000.0  3406.509667   699.606061
              185000.0  3503.342167   665.204930
              186000.0  3596.107167   649.140655
              187000.0  3634.588667   639.395284
              188000.0  3648.305000   624.451862
              189000.0  3717.911000   598.885530
              190000.0  3747.436667   606.472740
              191000.0  3797.808333   582.300379
              192000.0  3804.404500   575.811452
              193000.0  3816.218000   580.448115
              194000.0  3795.675333   596.719156
              195000.0  3765.575000   645.124174
              196000.0  3783.761833   647.733278
              197000.0  3837.436833   627.890395
              198000.0  3891.301833   617.260977
              199000.0  3929.789500   598.021632
              200000.0  3979.921500   577.294495
              201000.0  3976.781667   579.304873
              202000.0  3976.972500   610.005806
              203000.0  4020.765333   570.242004
              204000.0  4024.316333   581.438795
              205000.0  4018.694000   579.445282
              206000.0  3988.232667   617.414549
              207000.0  4008.581667   616.076579
              208000.0  4069.973833   597.036114
              209000.0  4085.155833   600.895093
              210000.0  4073.621833   622.396597
              211000.0  4077.062000   621.665764
              212000.0  4053.043833   641.381127
              213000.0  4006.681167   661.567961
              214000.0  4039.414000   633.101105
              215000.0  4074.673833   632.239808
              216000.0  4076.900000   659.185694
              217000.0  4021.987667   701.234074
              218000.0  4030.570000   718.621726
              219000.0  4039.530333   713.066920
              220000.0  4027.280000   723.495315
              221000.0  4022.260167   740.107916
              222000.0  4017.358167   746.819252
              223000.0  3997.949333   737.805342
              224000.0  4031.124667   717.568432
              225000.0  4025.443167   711.912500
              226000.0  4088.825000   671.726391
              227000.0  4099.585167   658.588365
              228000.0  4089.801000   667.616153
              229000.0  4093.028333   676.663736
              230000.0  4038.119333   683.928549
              231000.0  4060.636000   668.682507
              232000.0  4130.917500   641.706039
              233000.0  4193.557333   625.351911
              234000.0  4212.606833   622.843292
              235000.0  4204.108833   584.387062
              236000.0  4273.106500   530.810489
              237000.0  4323.294167   510.826480
              238000.0  4348.568333   497.523201
              239000.0  4356.999667   480.478619
              240000.0  4364.609833   481.558109
              241000.0  4382.094167   470.923255
              242000.0  4399.482667   457.823127
              243000.0  4413.207667   473.962577
              244000.0  4455.332667   452.365564
              245000.0  4479.217167   447.736584
              246000.0  4458.740000   445.477437
              247000.0  4454.404167   455.327330
              248000.0  4453.689333   474.336662
              249000.0  4437.672500   453.365711
              250000.0  4485.416667   476.538709
              251000.0  4444.003333   509.775765
              252000.0  4444.792667   513.386983
              253000.0  4443.872167   513.417906
              254000.0  4460.103000   505.750016
              255000.0  4476.896500   542.741498
              256000.0  4436.144667   563.151866
              257000.0  4471.217167   544.462450
              258000.0  4456.964500   543.945411
              259000.0  4396.437500   563.982393
              260000.0  4396.327167   579.998068
              261000.0  4404.816500   589.608171
              262000.0  4393.400667   599.966790
              263000.0  4393.308167   579.324942
              264000.0  4363.016333   604.467294
              265000.0  4335.143667   636.741216
              266000.0  4298.932000   659.210941
              267000.0  4300.143667   671.210589
              268000.0  4330.781333   642.126453
              269000.0  4352.810833   642.873752
              270000.0  4372.541333   585.607677
              271000.0  4410.548833   569.198099
              272000.0  4427.689000   556.183680
              273000.0  4438.732000   558.240340
              274000.0  4426.339833   565.437267
              275000.0  4462.523167   519.498986
              276000.0  4490.824167   514.129643
              277000.0  4470.411000   531.443923
              278000.0  4470.178167   537.140479
              279000.0  4524.792833   538.347021
              280000.0  4533.254333   522.245622
              281000.0  4551.298167   495.652470
              282000.0  4576.325167   466.006019
              283000.0  4609.158000   476.582156
              284000.0  4617.181000   450.519331
              285000.0  4649.193000   421.087589
              286000.0  4714.167667   397.076645
              287000.0  4721.120333   370.371549
              288000.0  4715.174000   378.664883
              289000.0  4740.936833   371.982921
              290000.0  4750.976167   372.640576
              291000.0  4737.121167   355.923143
              292000.0  4736.265500   356.608321
              293000.0  4729.633833   367.086412
              294000.0  4740.172833   366.479162
              295000.0  4716.302333   377.649307
              296000.0  4732.169333   365.764703
              297000.0  4743.310333   355.704979
              298000.0  4746.959667   347.146408
              299000.0  4757.476333   326.047377
              300000.0  4753.101000   326.378387
              301000.0  4756.593167   326.578284
              302000.0  4748.441667   336.111250
              303000.0  4739.050000   323.076493
              304000.0  4758.730333   330.389617
              305000.0  4760.422000   334.616750
              306000.0  4738.746167   348.520786
              307000.0  4760.112833   353.820495
              308000.0  4767.736833   352.466824
              309000.0  4772.965000   346.584090
              310000.0  4785.955167   341.305832
              311000.0  4807.374333   364.149999
              312000.0  4813.784167   366.650564
              313000.0  4843.396833   349.694273
              314000.0  4846.039167   334.120218
              315000.0  4871.053000   336.064187
              316000.0  4850.158667   372.190330
              317000.0  4863.767333   373.846933
              318000.0  4865.516833   379.061928
              319000.0  4844.134667   388.169212
              320000.0  4849.928500   404.628705
              321000.0  4802.654000   441.000545
              322000.0  4827.159167   439.065622
              323000.0  4826.145833   448.175583
              324000.0  4826.272333   442.298567
              325000.0  4810.456667   454.365919
              326000.0  4842.135000   440.434473
              327000.0  4818.415333   466.269561
              328000.0  4822.616500   462.020285
              329000.0  4820.652333   461.163667
              330000.0  4821.276000   460.091944
              331000.0  4834.562167   427.457876
              332000.0  4807.290833   426.025876
              333000.0  4793.653000   414.909454
              334000.0  4785.120000   436.082598
              335000.0  4786.643333   433.691120
              336000.0  4817.784167   390.122031
              337000.0  4819.510000   384.025756
              338000.0  4834.184833   379.916189
              339000.0  4857.903000   394.919981
              340000.0  4866.269833   391.393839
              341000.0  4913.305833   381.824572
              342000.0  4918.601167   369.408576
              343000.0  4931.888833   368.650679
              344000.0  4930.937000   367.742067
              345000.0  4961.973000   364.418050
              346000.0  4941.602500   388.232074
              347000.0  4944.453500   362.693684
              348000.0  4936.879833   381.090540
              349000.0  4891.295833   441.486240
              350000.0  4884.330000   465.610606
              351000.0  4866.514833   486.248935
              352000.0  4865.732167   508.309452
              353000.0  4888.997667   496.518406
              354000.0  4896.798000   482.858861
              355000.0  4913.286500   470.882041
              356000.0  4900.874167   478.021451
              357000.0  4893.541500   473.632279
              358000.0  4895.376500   477.560116
              359000.0  4888.170500   461.626061
              360000.0  4919.116667   439.188735
              361000.0  4938.464167   408.871002
              362000.0  4915.880333   425.727533
              363000.0  4926.096167   417.882489
              364000.0  4941.091500   421.101078
              365000.0  4941.780833   408.289972
              366000.0  4950.524333   381.636143
              367000.0  4969.930667   399.034514
              368000.0  4986.125500   384.648928
              369000.0  5030.617667   341.291372
              370000.0  5039.120167   334.414141
              371000.0  5041.251167   320.627900
              372000.0  5026.399167   315.288442
              373000.0  5028.214333   316.704124
              374000.0  5032.388000   329.192519
              375000.0  5008.796167   353.822091
              376000.0  4996.793833   364.790077
              377000.0  4995.358500   378.606966
              378000.0  5001.630833   373.533476
              379000.0  5017.436000   358.242826
              380000.0  5017.512500   362.721142
              381000.0  5016.811833   381.767424
              382000.0  5040.990333   359.749457
              383000.0  5046.114500   367.113668
              384000.0  5045.128000   353.661808
              385000.0  5046.594167   347.718248
              386000.0  5064.552000   350.573041
              387000.0  5079.644333   336.999998
              388000.0  5078.991833   336.244646
              389000.0  5081.167167   334.173693
              390000.0  5087.870667   321.733535
              391000.0  5115.780000   315.975195
              392000.0  5161.046500   292.779802
              393000.0  5161.272667   293.740298
              394000.0  5163.946500   279.163005
              395000.0  5188.677500   275.991262
              396000.0  5227.406667   252.486307
              397000.0  5236.859167   238.947639
              398000.0  5243.016333   238.667940
              399000.0  5235.908333   248.534769
              400000.0  5235.406333   248.741967
              401000.0  5235.566833   237.784921
              402000.0  5237.272000   256.280401
              403000.0  5237.552000   256.636511
              404000.0  5225.378000   258.626094
              405000.0  5195.520167   288.091947
              406000.0  5182.098500   305.885400
              407000.0  5157.986833   303.550781
              408000.0  5155.715000   306.866186
              409000.0  5166.910333   302.856881
              410000.0  5168.371667   302.140235
              411000.0  5152.195000   315.106450
              412000.0  5165.161667   317.170548
              413000.0  5158.255833   333.766078
              414000.0  5175.103333   336.281071
              415000.0  5175.256000   319.036468
              416000.0  5142.261167   342.634770
              417000.0  5138.155167   363.326247
              418000.0  5124.520833   371.512950
              419000.0  5137.907500   376.207531
              420000.0  5121.121500   396.516082
              421000.0  5112.479333   425.054755
              422000.0  5118.845833   418.305974
              423000.0  5118.424833   411.739361
              424000.0  5125.225167   422.553969
              425000.0  5157.734333   392.712674
              426000.0  5155.354833   385.012772
              427000.0  5165.416500   389.725960
              428000.0  5179.971167   380.549901
              429000.0  5171.951833   373.780414
              430000.0  5171.402333   364.629033
              431000.0  5193.198500   353.506833
              432000.0  5165.592333   363.435721
              433000.0  5104.063833   402.341174
              434000.0  4980.679167   558.526286
              435000.0  4969.097333   562.404890
              436000.0  4988.831667   537.696881
              437000.0  4978.000667   521.354149
              438000.0  4964.156167   548.877831
              439000.0  4960.956167   530.470182
              440000.0  4961.940833   525.312595
              441000.0  4975.081333   489.988643
              442000.0  4960.960167   495.481433
              443000.0  4932.887000   522.008849
              444000.0  4932.566333   508.257771
              445000.0  4936.766833   514.793178
              446000.0  4948.352833   502.688295
              447000.0  4939.166167   514.828584
              448000.0  4922.159000   524.068975
              449000.0  4914.935333   529.828501
              450000.0  4911.862000   542.668699
              451000.0  4906.260333   541.647739
              452000.0  4911.925000   532.538859
              453000.0  4944.876333   501.151008
              454000.0  5053.089333   334.632257
              455000.0  5058.151667   324.165470
              456000.0  5075.073333   325.323801
              457000.0  5090.735667   315.803169
              458000.0  5105.545833   295.334013
              459000.0  5113.952500   302.644856
              460000.0  5127.282500   280.722039
              461000.0  5126.455000   287.594388
              462000.0  5133.966333   270.672926
              463000.0  5160.875167   244.125702
              464000.0  5153.247167   263.925129
              465000.0  5158.416500   257.087836
              466000.0  5163.256333   258.376856
              467000.0  5189.062500   246.428660
              468000.0  5208.705500   231.124803
              469000.0  5216.530833   219.906133
              470000.0  5223.831667   206.720716
              471000.0  5219.208500   207.466953
              472000.0  5212.940500   212.555577
              473000.0  5251.013333   184.367811
              474000.0  5266.747000   191.590556
              475000.0  5265.775500   189.633727
              476000.0  5217.176167   209.001083
              477000.0  5196.552500   214.829828
              478000.0  5207.487667   195.540086
              479000.0  5205.324167   188.998478
              480000.0  5211.282833   192.123797
              481000.0  5211.220500   188.578952
              482000.0  5222.409167   200.635735
              483000.0  5224.445667   216.149862
              484000.0  5252.250833   194.447402
              485000.0  5229.664333   216.533860
              486000.0  5236.365167   208.439233
              487000.0  5242.267167   200.616608
              488000.0  5243.560500   202.978648
              489000.0  5226.558333   222.596564
              490000.0  5234.070167   225.237704
              491000.0  5239.200167   218.876286
              492000.0  5261.169667   220.918265
              493000.0  5251.702000   223.151527
              494000.0  5252.190000   227.951782
              495000.0  5276.141000   234.478264
              496000.0  5296.588333   250.391697
              497000.0  5334.219000   260.473764
              498000.0  5326.274500   276.420445
              499000.0  5331.012500   302.670062
              500000.0  5283.030333   309.900904
              501000.0  5280.942500   319.670358
              502000.0  5274.243333   319.966826
              503000.0  5281.138667   309.353938
              504000.0  5286.936333   314.279372
              505000.0  5290.494167   297.898117
              506000.0  5256.883500   328.773305
              507000.0  5203.167833   359.914651
              508000.0  5185.154833   376.660467
              509000.0  5187.846000   386.844999
              510000.0  5169.119333   388.107550
              511000.0  5162.359500   403.320379
              512000.0  5158.656500   399.239302
              513000.0  5176.074833   405.133173
              514000.0  5172.607333   395.278448
              515000.0  5162.317167   401.212804
              516000.0  5171.988833   382.756451
              517000.0  5158.365667   384.317117
              518000.0  5162.273000   377.820615
              519000.0  5164.428000   362.328897
              520000.0  5195.903833   358.033175
              521000.0  5174.211833   382.722576
              522000.0  5178.200833   374.441286
              523000.0  5160.936500   384.913682
              524000.0  5139.227000   384.095336
              525000.0  5162.817333   374.504640
              526000.0  5187.200333   341.852546
              527000.0  5229.120333   309.837448
              528000.0  5231.053167   294.136661
              529000.0  5240.914500   261.672210
              530000.0  5243.105333   263.409596
              531000.0  5249.234833   251.440186
              532000.0  5252.006667   243.108579
              533000.0  5254.232167   236.408885
              534000.0  5263.283167   239.437253
              535000.0  5260.876000   232.399372
              536000.0  5278.534667   216.173500
              537000.0  5289.571667   204.917016
              538000.0  5294.828000   191.275571
              539000.0  5290.087667   191.503348
              540000.0  5299.318833   193.922180
              541000.0  5312.721167   171.536499
              542000.0  5299.025000   190.991280
              543000.0  5298.255667   180.896058
              544000.0  5321.739000   179.631569
              545000.0  5318.239667   184.551150
              546000.0  5320.444833   207.230050
              547000.0  5326.823667   204.940640
              548000.0  5340.926333   203.911212
              549000.0  5359.602167   202.742333
              550000.0  5361.749667   208.718415
              551000.0  5362.806833   215.918631
              552000.0  5352.358500   227.853713
              553000.0  5350.253500   224.423440
              554000.0  5342.387000   216.818404
              555000.0  5344.597833   213.139890
              556000.0  5346.187500   213.291879
              557000.0  5318.035167   215.305700
              558000.0  5322.829167   222.432195
              559000.0  5324.173000   219.527209
              560000.0  5320.489833   211.457731
              561000.0  5324.740667   199.207473
              562000.0  5323.528167   213.795628
              563000.0  5330.447333   208.569718
              564000.0  5316.861667   210.492339
              565000.0  5318.216000   214.142265
              566000.0  5327.263667   192.946096
              567000.0  5319.499167   196.022541
              568000.0  5307.784000   197.459023
              569000.0  5294.980000   201.924416
              570000.0  5301.881000   191.126444
              571000.0  5292.572167   198.973193
              572000.0  5306.617167   188.104117
              573000.0  5313.757500   187.962775
              574000.0  5289.967000   223.357574
              575000.0  5293.587167   222.286932
              576000.0  5251.389833   246.269814
              577000.0  5253.304500   254.643579
              578000.0  5245.997667   252.205802
              579000.0  5223.030333   251.415993
              580000.0  5223.675333   263.539497
              581000.0  5217.921667   269.388490
              582000.0  5237.418833   235.867830
              583000.0  5247.418667   234.945893
              584000.0  5236.966000   234.445707
              585000.0  5239.148833   234.534480
              586000.0  5214.205667   260.575090
              587000.0  5204.990500   263.879085
              588000.0  5188.098500   269.948900
              589000.0  5193.812500   284.019440
              590000.0  5188.875833   287.549747
              591000.0  5194.549833   282.236716
              592000.0  5182.866000   290.896417
              593000.0  5163.723000   305.159301
              594000.0  5175.974167   288.969711
              595000.0  5162.157500   295.066084
              596000.0  5201.838667   280.963339
              597000.0  5231.125500   281.082845
              598000.0  5215.719667   287.550374
              599000.0  5242.537500   286.877354
              600000.0  5236.309667   275.106289
              601000.0  5245.385333   272.249852
              602000.0  5244.270500   270.185832
              603000.0  5241.032500   271.777492
              604000.0  5261.239167   267.613662
              605000.0  5260.220667   262.519636
              606000.0  5274.447667   242.375401
              607000.0  5283.453667   246.483056
              608000.0  5308.206667   246.539033
              609000.0  5314.809167   234.659004
              610000.0  5317.779500   236.843810
              611000.0  5315.806167   230.885025
              612000.0  5311.296833   236.483319
              613000.0  5333.911667   221.052361
              614000.0  5352.271167   208.537290
              615000.0  5365.104667   205.494911
              616000.0  5345.345667   202.799239
              617000.0  5312.217667   190.906931
              618000.0  5322.145667   207.760781
              619000.0  5320.200000   209.339821
              620000.0  5322.849333   229.746320
              621000.0  5332.786667   233.292117
              622000.0  5338.776000   234.950579
              623000.0  5346.359500   235.332742
              624000.0  5340.904167   238.892670
              625000.0  5346.998833   237.177845
              626000.0  5356.069833   236.707082
              627000.0  5360.189167   233.567985
              628000.0  5360.739167   223.413419
              629000.0  5344.610667   226.210620
              630000.0  5327.897167   221.624632
              631000.0  5326.747833   230.714599
              632000.0  5319.202667   228.138409
              633000.0  5309.355333   229.440792
              634000.0  5314.320667   223.691894
              635000.0  5321.378833   222.475854
              636000.0  5320.034667   229.589273
              637000.0  5354.182167   224.141164
              638000.0  5357.452500   212.151340
              639000.0  5354.968667   211.782929
              640000.0  5359.869833   208.167103
              641000.0  5356.908833   205.288856
              642000.0  5347.816500   203.639583
              643000.0  5331.105500   225.678602
              644000.0  5332.089167   224.517104
              645000.0  5326.900167   226.464397
              646000.0  5326.763000   229.377136
              647000.0  5317.881000   231.917967
              648000.0  5311.266167   257.165785
              649000.0  5337.191667   251.389133
              650000.0  5375.983167   244.322077
              651000.0  5390.156333   234.372745
              652000.0  5413.115500   234.154184
              653000.0  5423.438833   232.128442
              654000.0  5417.248333   245.420501
              655000.0  5411.405000   240.185472
              656000.0  5434.650667   226.398575
              657000.0  5442.189500   223.563692
              658000.0  5436.200333   231.392700
              659000.0  5451.928333   223.353517
              660000.0  5467.536667   208.211942
              661000.0  5464.446833   214.460017
              662000.0  5460.834333   221.423863
              663000.0  5463.760667   200.418853
              664000.0  5454.705667   208.385863
              665000.0  5457.586333   205.678963
              666000.0  5458.381167   209.599923
              667000.0  5477.479833   199.518988
              668000.0  5478.231000   175.411130
              669000.0  5468.565667   177.071970
              670000.0  5461.540833   176.256702
              671000.0  5445.192667   190.407548
              672000.0  5448.009167   187.613951
              673000.0  5445.862667   196.604369
              674000.0  5436.158833   194.994473
              675000.0  5429.898167   202.515931
              676000.0  5405.722667   213.108165
              677000.0  5388.954500   221.602544
              678000.0  5401.118000   201.161397
              679000.0  5381.104833   203.606181
              680000.0  5372.540000   203.109988
              681000.0  5383.627500   193.476517
              682000.0  5385.098833   199.706599
              683000.0  5378.924500   220.665215
              684000.0  5384.799833   211.880718
              685000.0  5385.657333   219.482226
              686000.0  5384.523500   214.316053
              687000.0  5382.321833   220.152197
              688000.0  5378.324000   232.197916
              689000.0  5369.922833   232.617571
              690000.0  5362.800000   235.333572
              691000.0  5377.246500   221.612465
              692000.0  5369.061167   229.169136
              693000.0  5359.991167   235.019983
              694000.0  5356.677500   239.718164
              695000.0  5361.054333   236.239166
              696000.0  5383.597667   225.772923
              697000.0  5390.932000   224.677139
              698000.0  5383.487667   239.095393
              699000.0  5394.926667   234.532192
              700000.0  5397.627000   230.189365
              701000.0  5390.137667   236.545913
              702000.0  5404.626167   225.168773
              703000.0  5426.588667   203.847222
              704000.0  5410.513000   217.040774
              705000.0  5403.040000   210.488989
              706000.0  5377.532000   219.135689
              707000.0  5374.083833   212.852580
              708000.0  5389.081000   208.470990
              709000.0  5396.645667   209.532921
              710000.0  5395.381500   218.848289
              711000.0  5384.547000   219.518418
              712000.0  5389.005833   212.063310
              713000.0  5399.167000   197.911939
              714000.0  5412.431833   196.188117
              715000.0  5407.256000   199.604782
              716000.0  5405.815667   197.327583
              717000.0  5410.671667   191.936679
              718000.0  5408.589667   178.677806
              719000.0  5409.206333   185.219220
              720000.0  5410.222167   194.353352
              721000.0  5414.587167   190.164045
              722000.0  5414.816667   187.988382
              723000.0  5410.912667   190.697892
              724000.0  5417.478000   194.979001
              725000.0  5419.453833   196.989424
              726000.0  5449.627000   179.639455
              727000.0  5446.955833   193.343818
              728000.0  5421.704333   205.944291
              729000.0  5432.813333   200.466118
              730000.0  5440.006000   196.014907
              731000.0  5459.276167   196.199979
              732000.0  5471.674167   191.103733
              733000.0  5464.112000   194.386410
              734000.0  5463.942167   190.690632
              735000.0  5481.691000   192.112792
              736000.0  5488.885500   200.104850
              737000.0  5486.482667   204.382385
              738000.0  5507.786500   199.958339
              739000.0  5521.504500   194.551382
              740000.0  5525.175167   186.254010
              741000.0  5522.387667   191.529779
              742000.0  5515.336833   192.042189
              743000.0  5517.695833   191.512960
              744000.0  5528.497500   176.988652
              745000.0  5535.241667   173.771172
              746000.0  5537.864500   172.412045
              747000.0  5549.437167   166.917245
              748000.0  5564.886667   161.870198
              749000.0  5553.212333   176.656288
              750000.0  5552.078000   180.116493
              751000.0  5544.173833   173.304358
              752000.0  5528.996500   172.442550
              753000.0  5536.985500   173.651977
              754000.0  5541.444833   169.041114
              755000.0  5530.290667   163.120492
              756000.0  5521.644667   158.128578
              757000.0  5518.808667   157.254154
              758000.0  5502.665333   162.644605
              759000.0  5490.747667   164.186299
              760000.0  5484.224333   178.343575
              761000.0  5484.763333   175.640969
              762000.0  5475.325500   184.866569
              763000.0  5467.719833   180.513288
              764000.0  5471.962833   182.772963
              765000.0  5457.720000   193.572008
              766000.0  5419.181667   241.270280
              767000.0  5407.500167   245.132493
              768000.0  5415.302167   238.593894
              769000.0  5412.433333   231.805021
              770000.0  5404.295167   228.513139
              771000.0  5385.162000   238.537066
              772000.0  5391.446333   241.466708
              773000.0  5389.870167   247.220570
              774000.0  5374.470833   253.223676
              775000.0  5364.515000   268.638398
              776000.0  5358.529333   263.480741
              777000.0  5354.398500   269.189158
              778000.0  5343.070667   294.866379
              779000.0  5343.692333   296.039427
              780000.0  5340.177833   282.426600
              781000.0  5344.997833   274.738172
              782000.0  5360.539500   265.501899
              783000.0  5364.921167   274.131370
              784000.0  5368.143667   271.354526
              785000.0  5365.531167   276.466287
              786000.0  5384.789167   238.098104
              787000.0  5389.386167   232.616023
              788000.0  5394.866167   235.084007
              789000.0  5398.208000   227.182686
              790000.0  5410.437333   221.992775
              791000.0  5409.482667   243.569022
              792000.0  5405.109833   240.817437
              793000.0  5393.196667   248.215156
              794000.0  5415.228667   242.772219
              795000.0  5433.974500   227.434345
              796000.0  5440.123000   230.235879
              797000.0  5449.147833   221.424105
              798000.0  5467.566500   201.380230
              799000.0  5462.529000   202.185875
              800000.0  5474.732833   203.772370
              801000.0  5459.788667   221.464120
              802000.0  5448.929000   230.234787
              803000.0  5453.709167   223.231360
              804000.0  5447.966333   228.469792
              805000.0  5465.122667   217.291211
              806000.0  5486.307500   210.440436
              807000.0  5481.983667   218.447160
              808000.0  5467.944500   209.002698
              809000.0  5455.741500   221.601635
              810000.0  5444.731000   224.707879
              811000.0  5460.271333   198.512656
              812000.0  5471.874667   201.726133
              813000.0  5484.048167   185.117656
              814000.0  5476.370667   175.231875
              815000.0  5467.660000   180.349292
              816000.0  5469.698333   176.638751
              817000.0  5466.782833   177.984963
              818000.0  5474.104833   169.464511
              819000.0  5484.136167   167.420761
              820000.0  5478.824000   174.881809
              821000.0  5477.081833   181.021874
              822000.0  5477.829167   175.398798
              823000.0  5483.194500   179.896858
              824000.0  5502.177167   173.060926
              825000.0  5502.221167   174.704982
              826000.0  5495.580833   173.763936
              827000.0  5499.722333   171.086108
              828000.0  5501.160667   177.074351
              829000.0  5504.789000   176.698041
              830000.0  5493.094500   186.829298
              831000.0  5489.783167   205.603561
              832000.0  5472.946833   214.660431
              833000.0  5444.222500   239.413874
              834000.0  5454.160833   244.944450
              835000.0  5440.603500   252.150660
              836000.0  5430.975500   266.135865
              837000.0  5433.971333   267.999791
              838000.0  5428.609000   270.062536
              839000.0  5435.210833   267.351759
              840000.0  5440.181000   264.440361
              841000.0  5451.304500   242.646362
              842000.0  5451.339167   238.348343
              843000.0  5421.495000   242.732992
              844000.0  5404.732000   250.610588
              845000.0  5389.600833   250.976605
              846000.0  5393.986500   256.671863
              847000.0  5401.008333   250.407298
              848000.0  5420.968833   251.605991
              849000.0  5430.787667   242.819880
              850000.0  5449.135000   232.433189
              851000.0  5461.680667   214.705743
              852000.0  5477.739667   202.295361
              853000.0  5503.371333   176.385404
              854000.0  5479.248333   189.957475
              855000.0  5482.215833   182.071242
              856000.0  5489.386167   172.826017
              857000.0  5467.169833   170.145283
              858000.0  5457.229167   174.454606
              859000.0  5437.346333   190.270686
              860000.0  5437.678500   187.472785
              861000.0  5444.234000   190.104928
              862000.0  5451.436000   198.998742
              863000.0  5480.136000   185.458208
              864000.0  5491.723333   180.116353
              865000.0  5494.910333   181.455887
              866000.0  5501.752667   181.014421
              867000.0  5502.521667   176.149960
              868000.0  5474.140333   170.655671
              869000.0  5461.498333   190.752907
              870000.0  5466.905667   186.796634
              871000.0  5472.067167   185.617726
              872000.0  5462.511000   185.278061
              873000.0  5468.466500   188.966128
              874000.0  5485.794667   170.430205
              875000.0  5496.144833   171.141245
              876000.0  5495.596000   176.361106
              877000.0  5512.340833   173.803370
              878000.0  5519.317333   175.694592
              879000.0  5527.393000   164.397298
              880000.0  5514.383500   164.232169
              881000.0  5507.145333   163.070126
              882000.0  5510.088167   149.637603
              883000.0  5492.661333   156.505087
              884000.0  5497.595167   157.240350
              885000.0  5514.595833   153.444455
              886000.0  5503.582000   153.799102
              887000.0  5501.463833   157.676895
              888000.0  5530.517500   157.899130
              889000.0  5523.361500   163.086142
              890000.0  5522.285000   167.307264
              891000.0  5515.627000   169.513426
              892000.0  5525.064500   166.113360
              893000.0  5517.349333   167.372812
              894000.0  5521.812833   173.640226
              895000.0  5523.362000   173.788443
              896000.0  5525.545833   177.193324
              897000.0  5539.720500   179.565472
              898000.0  5534.114333   180.350449
              899000.0  5540.074333   176.604470
              900000.0  5557.460000   184.825017
              901000.0  5568.194167   190.305532
              902000.0  5568.358000   201.278491
              903000.0  5573.438167   205.885167
              904000.0  5550.622333   200.471305
              905000.0  5542.601500   200.773121
              906000.0  5551.076000   199.110313
              907000.0  5554.987000   200.351123
              908000.0  5546.033000   201.361610
              909000.0  5566.219333   182.436210
              910000.0  5549.003333   190.679090
              911000.0  5552.842000   191.060978
              912000.0  5560.237667   198.452355
              913000.0  5555.072333   205.980668
              914000.0  5547.907167   206.838142
              915000.0  5552.236667   197.781208
              916000.0  5559.126667   184.834980
              917000.0  5560.050333   185.815383
              918000.0  5580.109667   177.424534
              919000.0  5568.822167   185.392551
              920000.0  5554.384500   182.834392
              921000.0  5555.406167   182.489907
              922000.0  5540.302333   177.693962
              923000.0  5533.319667   181.698002
              924000.0  5549.789333   181.528196
              925000.0  5544.177167   191.673044
              926000.0  5521.211000   209.981913
              927000.0  5506.229167   204.044248
              928000.0  5489.976500   205.806287
              929000.0  5494.282000   196.851115
              930000.0  5511.273167   189.739651
              931000.0  5513.745500   184.669305
              932000.0  5505.930500   181.604889
              933000.0  5522.515833   172.619317
              934000.0  5521.443000   173.194162
              935000.0  5527.530500   177.992580
              936000.0  5517.696000   183.066008
              937000.0  5505.266667   184.334590
              938000.0  5514.557167   181.482053
              939000.0  5524.782000   174.117080
              940000.0  5533.637000   174.289511
              941000.0  5515.511000   167.744981
              942000.0  5516.713500   167.631475
              943000.0  5528.735667   160.286462
              944000.0  5523.623833   170.053498
              945000.0  5529.832500   155.293672
              946000.0  5554.818833   136.407825
              947000.0  5553.279667   151.465227
              948000.0  5566.034333   155.886838
              949000.0  5543.368333   165.340234
              950000.0  5539.170500   164.742366
              951000.0  5537.079167   159.679243
              952000.0  5538.618833   160.697657
              953000.0  5533.798833   163.671059
              954000.0  5544.924167   167.417633
              955000.0  5540.966500   164.272813
              956000.0  5544.427833   167.857336
              957000.0  5546.643000   172.305870
              958000.0  5522.824500   178.238960
              959000.0  5516.886500   184.957726
              960000.0  5514.034167   187.656519
              961000.0  5531.917000   188.867868
              962000.0  5541.188833   189.036433
              963000.0  5533.137333   187.159079
              964000.0  5522.989333   187.156786
              965000.0  5528.764667   189.133360
              966000.0  5518.639333   197.373160
              967000.0  5516.985000   191.610910
              968000.0  5504.017667   190.336458
              969000.0  5509.483167   189.476208
              970000.0  5494.989000   204.007684
              971000.0  5489.933833   216.753986
              972000.0  5474.286833   212.827090
              973000.0  5464.744500   219.780139
              974000.0  5452.627000   212.996515
              975000.0  5447.102833   223.093167
              976000.0  5425.689500   227.627886
              977000.0  5427.103333   220.797682
              978000.0  5430.284500   216.491476
              979000.0  5433.717500   219.864428
              980000.0  5436.563833   221.012321
              981000.0  5444.203833   220.173807
              982000.0  5454.447500   217.788895
              983000.0  5466.664000   219.464830
              984000.0  5478.968000   212.760593
              985000.0  5473.961167   215.321762
              986000.0  5480.229833   211.958318
              987000.0  5496.967000   209.116068
              988000.0  5509.412167   199.847111
              989000.0  5524.557500   191.945070
              990000.0  5543.694167   181.126896
              991000.0  5547.557333   181.115545
              992000.0  5558.973000   179.639388
              993000.0  5567.540500   170.200093
              994000.0  5551.308333   171.771467
              995000.0  5543.673333   169.430928
              996000.0  5563.778667   167.903090
              997000.0  5558.591167   167.898289
              998000.0  5551.519167   178.822056
              999000.0  5546.148667   175.774677
             1000000.0  5549.557500   167.489696